$ontext
    Foulds5 pooling problem data.
    Author: Mohammed Alfaki, Wed Nov  9 15:36:08 2011
$offtext

$eolcom #

# Declare sets
    set i    / 1*31 /;
    set s(i) / 1*11 /;
    set t(i) /16*31 /;
    set k    / 1*1  /;

alias (i,j);

# The arc unit cost c_{ij}
table c(i,j)
         12      13      14      15      16      17      18      19      20      21      22      23      24      25      26      27      28      29      30      31
  1   10.00    0.00   10.00    0.00    0.00    0.00    0.00    0.00    0.00    0.00    0.00    0.00    0.00    0.00    0.00    0.00    0.00    0.00    0.00    0.00
  2   11.00   11.00   11.00    0.00    0.00    0.00    0.00    0.00    0.00    0.00    0.00    0.00    0.00    0.00    0.00    0.00    0.00    0.00    0.00    0.00
  3   12.00   12.00   12.00    0.00    0.00    0.00    0.00    0.00    0.00    0.00    0.00    0.00    0.00    0.00    0.00    0.00    0.00    0.00    0.00    0.00
  4   13.00   13.00   13.00   13.00    0.00    0.00    0.00    0.00    0.00    0.00    0.00    0.00    0.00    0.00    0.00    0.00    0.00    0.00    0.00    0.00
  5    0.00   14.00   14.00   14.00    0.00    0.00    0.00    0.00    0.00    0.00    0.00    0.00    0.00    0.00    0.00    0.00    0.00    0.00    0.00    0.00
  6    0.00    0.00   15.00   15.00    0.00    0.00    0.00    0.00    0.00    0.00    0.00    0.00    0.00    0.00    0.00    0.00    0.00    0.00    0.00    0.00
  7    0.00   16.00   16.00   16.00    0.00    0.00    0.00    0.00    0.00    0.00    0.00    0.00    0.00    0.00    0.00    0.00    0.00    0.00    0.00    0.00
  8   17.00   17.00   17.00   17.00    0.00    0.00    0.00    0.00    0.00    0.00    0.00    0.00    0.00    0.00    0.00    0.00    0.00    0.00    0.00    0.00
  9   18.00   18.00    0.00   18.00    0.00    0.00    0.00    0.00    0.00    0.00    0.00    0.00    0.00    0.00    0.00    0.00    0.00    0.00    0.00    0.00
 10   19.00   19.00    0.00   19.00    0.00    0.00    0.00    0.00    0.00    0.00    0.00    0.00    0.00    0.00    0.00    0.00    0.00    0.00    0.00    0.00
 11   20.00    0.00    0.00   20.00    0.00    0.00    0.00    0.00    0.00    0.00    0.00    0.00    0.00    0.00    0.00    0.00    0.00    0.00    0.00    0.00
 12    0.00    0.00    0.00    0.00  -20.00  -19.50  -19.00  -18.50  -18.00  -17.50  -17.00  -16.50  -16.00  -15.50  -15.00  -14.50  -14.00  -13.50  -13.00  -12.50
 13    0.00    0.00    0.00    0.00  -20.00  -19.50  -19.00  -18.50  -18.00  -17.50  -17.00  -16.50  -16.00  -15.50  -15.00  -14.50  -14.00  -13.50  -13.00  -12.50
 14    0.00    0.00    0.00    0.00  -20.00  -19.50  -19.00  -18.50  -18.00  -17.50  -17.00  -16.50  -16.00  -15.50  -15.00  -14.50  -14.00  -13.50  -13.00  -12.50
 15    0.00    0.00    0.00    0.00  -20.00  -19.50  -19.00  -18.50  -18.00  -17.50  -17.00  -16.50  -16.00  -15.50  -15.00  -14.50  -14.00  -13.50  -13.00  -12.50 ;

# The adjacency matrix (the arcs set A)
table a(i,j)
     12  13  14  15  16  17  18  19  20  21  22  23  24  25  26  27  28  29  30  31
  1   1   0   1   0   0   0   0   0   0   0   0   0   0   0   0   0   0   0   0   0
  2   1   1   1   0   0   0   0   0   0   0   0   0   0   0   0   0   0   0   0   0
  3   1   1   1   0   0   0   0   0   0   0   0   0   0   0   0   0   0   0   0   0
  4   1   1   1   1   0   0   0   0   0   0   0   0   0   0   0   0   0   0   0   0
  5   0   1   1   1   0   0   0   0   0   0   0   0   0   0   0   0   0   0   0   0
  6   0   0   1   1   0   0   0   0   0   0   0   0   0   0   0   0   0   0   0   0
  7   0   1   1   1   0   0   0   0   0   0   0   0   0   0   0   0   0   0   0   0
  8   1   1   1   1   0   0   0   0   0   0   0   0   0   0   0   0   0   0   0   0
  9   1   1   0   1   0   0   0   0   0   0   0   0   0   0   0   0   0   0   0   0
 10   1   1   0   1   0   0   0   0   0   0   0   0   0   0   0   0   0   0   0   0
 11   1   0   0   1   0   0   0   0   0   0   0   0   0   0   0   0   0   0   0   0
 12   0   0   0   0   1   1   1   1   1   1   1   1   1   1   1   1   1   1   1   1
 13   0   0   0   0   1   1   1   1   1   1   1   1   1   1   1   1   1   1   1   1
 14   0   0   0   0   1   1   1   1   1   1   1   1   1   1   1   1   1   1   1   1
 15   0   0   0   0   1   1   1   1   1   1   1   1   1   1   1   1   1   1   1   1 ;

# Source qualities/terminal quality upper bounds
table q(i,k)
          1
  1    2.00
  2    1.90
  3    1.80
  4    1.70
  5    1.60
  6    1.50
  7    1.40
  8    1.30
  9    1.20
 10    1.10
 11    1.00
 16    1.05
 17    1.10
 18    1.15
 19    1.20
 20    1.25
 21    1.30
 22    1.35
 23    1.40
 24    1.45
 25    1.50
 26    1.55
 27    1.60
 28    1.65
 29    1.70
 30    1.75
 31    1.80 ;

# Node capacity lower bound
parameter bl(i) /  1     0.00
                   2     0.00
                   3     0.00
                   4     0.00
                   5     0.00
                   6     0.00
                   7     0.00
                   8     0.00
                   9     0.00
                  10     0.00
                  11     0.00
                  16     0.00
                  17     0.00
                  18     0.00
                  19     0.00
                  20     0.00
                  21     0.00
                  22     0.00
                  23     0.00
                  24     0.00
                  25     0.00
                  26     0.00
                  27     0.00
                  28     0.00
                  29     0.00
                  30     0.00
                  31     0.00 / ;

# Node capacity upper bound
parameter bu(i) /  1    16.00
                   2    16.00
                   3    16.00
                   4    16.00
                   5    16.00
                   6    16.00
                   7    16.00
                   8    16.00
                   9    16.00
                  10    16.00
                  11    16.00
                  12    16.00
                  13    16.00
                  14    16.00
                  15    16.00
                  16     1.00
                  17     1.00
                  18     1.00
                  19     1.00
                  20     1.00
                  21     1.00
                  22     1.00
                  23     1.00
                  24     1.00
                  25     1.00
                  26     1.00
                  27     1.00
                  28     1.00
                  29     1.00
                  30     1.00
                  31     1.00 / ;

$include xmodel.gms