$ontext
    sppB2 pooling problem data.
    Author: Mohammed Alfaki, Wed Nov  9 15:36:08 2011
$offtext

$eolcom #

# Declare sets
    set i    / 1*73 /;
    set s(i) / 1*35 /;
    set t(i) /53*73 /;
    set k    / 1*34 /;

alias (i,j);

# The arc unit cost c_{ij}
table c(i,j)
         36      37      38      39      40      41      42      43      44      45      46      47      48      49      50      51      52      53      54      55      56      57      58      59      60      61      62      63      64      65      66      67      68      69      70      71      72      73
  1   29.00    0.00    0.00   29.00   29.00   29.00   29.00   29.00    0.00    0.00    0.00   29.00    0.00    0.00    0.00    0.00   29.00    0.00    0.00    0.00    0.00    0.00    0.00    0.00    0.00    0.00    0.00  -16.00  -11.00    0.00    0.00  -16.00    0.00    0.00    0.00  -17.00    0.00    0.00
  2   44.00   44.00   44.00   44.00    0.00    0.00    0.00    0.00   44.00    0.00   44.00   44.00    0.00   44.00    0.00   44.00    0.00    0.00    0.00    0.00    0.00    0.00    0.00    0.00    0.00    0.00    0.00    0.00    0.00    2.00    2.00    0.00    0.00    0.00    0.00    0.00    0.00    0.00
  3    0.00    0.00    0.00   30.00    0.00    0.00   30.00    0.00    0.00    0.00   30.00   30.00    0.00    0.00   30.00    0.00   30.00    0.00    0.00  -19.00    0.00  -11.00  -17.00  -13.00  -17.00    0.00    0.00    0.00    0.00    0.00    0.00    0.00    0.00    0.00  -14.00  -16.00  -19.00    0.00
  4    0.00   24.00    0.00   24.00    0.00    0.00    0.00    0.00    0.00    0.00    0.00   24.00    0.00   24.00   24.00    0.00   24.00    0.00    0.00    0.00  -25.00  -17.00    0.00    0.00  -23.00  -19.00  -16.00    0.00    0.00    0.00    0.00    0.00    0.00    0.00    0.00    0.00    0.00    0.00
  5   41.00   41.00   41.00   41.00    0.00    0.00    0.00   41.00    0.00    0.00    0.00   41.00    0.00    0.00   41.00    0.00    0.00    0.00    0.00   -8.00    0.00    0.00   -6.00    0.00    0.00   -2.00    0.00    0.00    1.00    0.00   -1.00    0.00    0.00    0.00    0.00    0.00   -8.00    0.00
  6    0.00   24.00    0.00    0.00    0.00   24.00    0.00   24.00   24.00   24.00   24.00   24.00    0.00   24.00   24.00   24.00    0.00    0.00  -18.00    0.00    0.00    0.00  -23.00    0.00    0.00  -19.00    0.00    0.00    0.00    0.00    0.00    0.00    0.00    0.00  -20.00    0.00    0.00  -18.00
  7   43.00    0.00   43.00   43.00   43.00    0.00    0.00   43.00   43.00    0.00    0.00    0.00    0.00   43.00    0.00   43.00   43.00    0.00    0.00    0.00    0.00    0.00    0.00    0.00    0.00    0.00    0.00    0.00    0.00    0.00    0.00   -2.00    0.00    0.00    0.00   -3.00   -6.00    1.00
  8    0.00    0.00   15.00    0.00    0.00    0.00   15.00   15.00   15.00    0.00    0.00   15.00    0.00   15.00   15.00   15.00   15.00    0.00    0.00    0.00    0.00    0.00    0.00    0.00  -32.00    0.00    0.00    0.00  -25.00    0.00    0.00    0.00  -30.00    0.00    0.00    0.00    0.00    0.00
  9    0.00   49.00   49.00    0.00   49.00    0.00    0.00   49.00   49.00    0.00   49.00   49.00   49.00    0.00   49.00    0.00    0.00    0.00    7.00    0.00    0.00    0.00    0.00    0.00    2.00    0.00    9.00    0.00    0.00    0.00    0.00    4.00    0.00    8.00    0.00    3.00    0.00    7.00
 10    0.00    0.00    0.00   42.00    0.00    0.00   42.00   42.00    0.00    0.00    0.00    0.00    0.00   42.00   42.00   42.00   42.00    0.00    0.00    0.00   -7.00    0.00    0.00    0.00   -5.00    0.00    0.00   -3.00    0.00    0.00    0.00    0.00    0.00    0.00    0.00    0.00    0.00    0.00
 11    0.00   35.00   35.00    0.00   35.00    0.00   35.00    0.00    0.00    0.00   35.00   35.00   35.00    0.00   35.00   35.00   35.00    0.00    0.00    0.00    0.00    0.00    0.00    0.00    0.00    0.00    0.00    0.00    0.00    0.00    0.00    0.00    0.00   -6.00   -9.00    0.00  -14.00    0.00
 12   11.00   11.00    0.00   11.00   11.00   11.00    0.00   11.00   11.00   11.00    0.00    0.00   11.00   11.00    0.00   11.00    0.00  -34.00    0.00  -38.00    0.00    0.00    0.00  -32.00    0.00    0.00  -29.00    0.00    0.00    0.00    0.00    0.00    0.00    0.00    0.00  -35.00  -38.00    0.00
 13   48.00   48.00   48.00   48.00   48.00    0.00    0.00   48.00   48.00    0.00   48.00   48.00    0.00    0.00   48.00    0.00   48.00    0.00    0.00   -1.00   -1.00    7.00    0.00    0.00    1.00    0.00    0.00    0.00    0.00    0.00    0.00    0.00    0.00    0.00    0.00    0.00    0.00    0.00
 14   34.00   34.00    0.00    0.00   34.00    0.00   34.00    0.00    0.00   34.00   34.00    0.00   34.00   34.00    0.00   34.00   34.00  -11.00    0.00    0.00  -15.00    0.00    0.00   -9.00    0.00    0.00    0.00  -11.00   -6.00    0.00    0.00    0.00    0.00   -7.00  -10.00    0.00    0.00    0.00
 15   47.00   47.00   47.00    0.00    0.00    0.00    0.00    0.00   47.00    0.00    0.00    0.00   47.00    0.00   47.00    0.00    0.00    0.00    0.00    0.00    0.00    0.00    0.00    0.00    0.00    4.00    0.00    0.00    0.00    0.00    5.00    0.00    2.00    6.00    0.00    1.00    0.00    0.00
 16   41.00   41.00    0.00    0.00    0.00   41.00    0.00   41.00    0.00   41.00   41.00   41.00    0.00   41.00    0.00   41.00   41.00    0.00   -1.00    0.00    0.00    0.00    0.00   -2.00    0.00    0.00    0.00    0.00    1.00   -1.00    0.00   -4.00    0.00    0.00   -3.00    0.00    0.00   -1.00
 17   22.00   22.00    0.00   22.00   22.00    0.00    0.00    0.00   22.00    0.00   22.00    0.00    0.00   22.00    0.00   22.00    0.00  -23.00    0.00    0.00  -27.00    0.00    0.00    0.00  -25.00  -21.00  -18.00  -23.00  -18.00    0.00    0.00    0.00  -23.00    0.00  -22.00  -24.00  -27.00    0.00
 18   48.00    0.00    0.00    0.00    0.00   48.00    0.00    0.00   48.00    0.00   48.00   48.00    0.00   48.00   48.00    0.00    0.00    3.00    0.00    0.00   -1.00    0.00    0.00    0.00    1.00    0.00    8.00    0.00    0.00    6.00    0.00    0.00    0.00    0.00    0.00    0.00    0.00    0.00
 19   41.00   41.00    0.00   41.00   41.00   41.00    0.00   41.00    0.00    0.00   41.00    0.00   41.00    0.00   41.00   41.00   41.00    0.00    0.00   -8.00    0.00    0.00    0.00    0.00    0.00    0.00    0.00    0.00    1.00   -1.00   -1.00    0.00    0.00    0.00    0.00    0.00   -8.00    0.00
 20   17.00    0.00    0.00   17.00    0.00   17.00    0.00   17.00   17.00    0.00   17.00   17.00    0.00    0.00   17.00   17.00    0.00  -28.00    0.00    0.00    0.00  -24.00    0.00    0.00  -30.00    0.00  -23.00    0.00    0.00  -25.00    0.00    0.00    0.00    0.00    0.00    0.00  -32.00    0.00
 21   37.00    0.00   37.00   37.00    0.00    0.00    0.00   37.00   37.00    0.00    0.00    0.00   37.00    0.00   37.00    0.00   37.00    0.00    0.00    0.00    0.00    0.00  -10.00    0.00    0.00    0.00   -3.00    0.00   -3.00    0.00    0.00    0.00    0.00    0.00   -7.00    0.00    0.00    0.00
 22    0.00    0.00    0.00    0.00   31.00   31.00   31.00    0.00    0.00   31.00    0.00    0.00    0.00    0.00    0.00   31.00    0.00    0.00    0.00    0.00    0.00    0.00    0.00    0.00    0.00    0.00    0.00    0.00    0.00    0.00    0.00    0.00    0.00    0.00    0.00    0.00  -18.00    0.00
 23   17.00    0.00   17.00   17.00   17.00   17.00    0.00   17.00    0.00   17.00   17.00    0.00   17.00    0.00    0.00    0.00   17.00    0.00    0.00    0.00    0.00  -24.00    0.00    0.00  -30.00    0.00    0.00  -28.00    0.00  -25.00    0.00    0.00    0.00    0.00  -27.00    0.00    0.00  -25.00
 24    0.00   20.00   20.00   20.00    0.00   20.00   20.00    0.00    0.00    0.00    0.00    0.00    0.00   20.00    0.00   20.00    0.00    0.00    0.00  -29.00  -29.00    0.00    0.00    0.00  -27.00    0.00    0.00    0.00    0.00    0.00  -22.00    0.00  -25.00    0.00    0.00  -26.00    0.00    0.00
 25   46.00    0.00   46.00    0.00    0.00    0.00   46.00   46.00   46.00   46.00    0.00   46.00    0.00   46.00   46.00   46.00   46.00    0.00    0.00    0.00    0.00    5.00    0.00    3.00    0.00    0.00    0.00    0.00    0.00    4.00    0.00    0.00    0.00    0.00    0.00    0.00    0.00    0.00
 26    0.00    0.00   18.00    0.00   18.00    0.00    0.00   18.00    0.00    0.00    0.00   18.00    0.00    0.00   18.00    0.00   18.00  -27.00    0.00    0.00    0.00    0.00    0.00    0.00  -29.00    0.00  -22.00    0.00  -22.00    0.00    0.00    0.00    0.00    0.00    0.00    0.00  -31.00    0.00
 27   41.00   41.00    0.00    0.00    0.00   41.00    0.00    0.00    0.00   41.00    0.00    0.00    0.00    0.00    0.00   41.00    0.00    0.00    0.00   -8.00    0.00    0.00    0.00   -2.00   -6.00   -2.00    0.00    0.00    0.00    0.00    0.00    0.00    0.00    0.00    0.00    0.00    0.00    0.00
 28   11.00    0.00   11.00    0.00    0.00    0.00   11.00   11.00    0.00   11.00   11.00   11.00    0.00    0.00   11.00    0.00    0.00    0.00  -31.00    0.00    0.00    0.00  -36.00    0.00    0.00    0.00    0.00    0.00    0.00    0.00    0.00  -34.00    0.00    0.00  -33.00    0.00  -38.00    0.00
 29   30.00    0.00    0.00    0.00   30.00   30.00   30.00   30.00    0.00   30.00   30.00    0.00   30.00   30.00    0.00   30.00   30.00    0.00    0.00  -19.00    0.00    0.00    0.00    0.00    0.00    0.00    0.00    0.00    0.00    0.00    0.00  -15.00  -15.00    0.00    0.00    0.00    0.00    0.00
 30   49.00    0.00    0.00    0.00    0.00    0.00   49.00    0.00    0.00   49.00   49.00    0.00    0.00   49.00   49.00    0.00   49.00    0.00    7.00    0.00    0.00    0.00    0.00    6.00    0.00    0.00    9.00    4.00    9.00    0.00    0.00    0.00    0.00    0.00    0.00    0.00    0.00    7.00
 31   47.00    0.00   47.00    0.00    0.00    0.00   47.00    0.00   47.00    0.00    0.00   47.00   47.00    0.00   47.00    0.00   47.00    2.00    0.00    0.00    0.00    0.00    0.00    0.00    0.00    0.00    0.00    0.00    7.00    0.00    5.00    0.00    0.00    0.00    0.00    0.00   -2.00    0.00
 32    0.00    0.00    0.00   43.00   43.00   43.00    0.00    0.00   43.00    0.00    0.00   43.00    0.00   43.00   43.00    0.00   43.00    0.00    0.00   -6.00    0.00    0.00    0.00    0.00   -4.00    0.00    3.00    0.00    0.00    0.00    1.00    0.00    0.00    0.00    0.00    0.00    0.00    0.00
 33    0.00   27.00    0.00    0.00   27.00   27.00    0.00   27.00    0.00    0.00    0.00   27.00    0.00   27.00    0.00    0.00    0.00    0.00    0.00  -22.00    0.00    0.00  -20.00    0.00    0.00    0.00    0.00  -18.00    0.00  -15.00  -15.00    0.00    0.00    0.00    0.00    0.00  -22.00    0.00
 34    0.00    0.00    0.00    0.00   10.00    0.00    0.00    0.00    0.00    0.00   10.00    0.00   10.00    0.00   10.00    0.00   10.00    0.00    0.00    0.00    0.00  -31.00  -37.00    0.00    0.00  -33.00    0.00    0.00    0.00  -32.00    0.00  -35.00    0.00    0.00  -34.00  -36.00    0.00    0.00
 35   12.00   12.00    0.00    0.00   12.00    0.00    0.00   12.00    0.00    0.00   12.00    0.00   12.00    0.00    0.00   12.00   12.00    0.00    0.00  -37.00    0.00    0.00    0.00  -31.00  -35.00    0.00    0.00    0.00  -28.00    0.00    0.00  -33.00  -33.00    0.00    0.00  -34.00    0.00    0.00
 36    0.00    0.00    0.00    0.00    0.00    0.00    0.00    0.00    0.00    0.00    0.00    0.00    0.00    0.00    0.00    0.00    0.00    0.00  -42.00  -49.00    0.00    0.00    0.00  -43.00  -47.00    0.00  -40.00    0.00  -40.00  -42.00    0.00    0.00  -45.00  -41.00    0.00  -46.00  -49.00    0.00
 37    0.00    0.00    0.00    0.00    0.00    0.00    0.00    0.00    0.00    0.00    0.00    0.00    0.00    0.00    0.00    0.00    0.00  -45.00  -42.00  -49.00    0.00    0.00    0.00    0.00    0.00    0.00  -40.00  -45.00    0.00    0.00  -42.00  -45.00  -45.00  -41.00  -44.00    0.00    0.00    0.00
 38    0.00    0.00    0.00    0.00    0.00    0.00    0.00    0.00    0.00    0.00    0.00    0.00    0.00    0.00    0.00    0.00    0.00    0.00  -42.00    0.00  -49.00  -41.00  -47.00  -43.00    0.00    0.00    0.00  -45.00    0.00    0.00    0.00  -45.00    0.00  -41.00  -44.00  -46.00    0.00  -42.00
 39    0.00    0.00    0.00    0.00    0.00    0.00    0.00    0.00    0.00    0.00    0.00    0.00    0.00    0.00    0.00    0.00    0.00  -45.00    0.00  -49.00  -49.00    0.00  -47.00    0.00    0.00  -43.00  -40.00    0.00  -40.00    0.00    0.00    0.00    0.00  -41.00    0.00    0.00  -49.00  -42.00
 40    0.00    0.00    0.00    0.00    0.00    0.00    0.00    0.00    0.00    0.00    0.00    0.00    0.00    0.00    0.00    0.00    0.00    0.00  -42.00    0.00  -49.00  -41.00    0.00    0.00  -47.00  -43.00  -40.00  -45.00  -40.00    0.00  -42.00  -45.00    0.00    0.00  -44.00  -46.00    0.00  -42.00
 41    0.00    0.00    0.00    0.00    0.00    0.00    0.00    0.00    0.00    0.00    0.00    0.00    0.00    0.00    0.00    0.00    0.00    0.00  -42.00  -49.00  -49.00    0.00    0.00    0.00    0.00  -43.00    0.00  -45.00    0.00    0.00  -42.00  -45.00    0.00    0.00    0.00    0.00  -49.00    0.00
 42    0.00    0.00    0.00    0.00    0.00    0.00    0.00    0.00    0.00    0.00    0.00    0.00    0.00    0.00    0.00    0.00    0.00  -45.00    0.00  -49.00    0.00    0.00  -47.00  -43.00    0.00  -43.00  -40.00  -45.00  -40.00  -42.00  -42.00    0.00  -45.00  -41.00    0.00  -46.00    0.00    0.00
 43    0.00    0.00    0.00    0.00    0.00    0.00    0.00    0.00    0.00    0.00    0.00    0.00    0.00    0.00    0.00    0.00    0.00    0.00  -42.00  -49.00  -49.00  -41.00  -47.00  -43.00    0.00  -43.00  -40.00    0.00  -40.00    0.00  -42.00  -45.00  -45.00    0.00    0.00    0.00  -49.00    0.00
 44    0.00    0.00    0.00    0.00    0.00    0.00    0.00    0.00    0.00    0.00    0.00    0.00    0.00    0.00    0.00    0.00    0.00    0.00  -42.00  -49.00  -49.00  -41.00    0.00    0.00    0.00  -43.00  -40.00    0.00  -40.00    0.00    0.00    0.00  -45.00    0.00  -44.00  -46.00    0.00    0.00
 45    0.00    0.00    0.00    0.00    0.00    0.00    0.00    0.00    0.00    0.00    0.00    0.00    0.00    0.00    0.00    0.00    0.00  -45.00  -42.00    0.00  -49.00    0.00    0.00  -43.00  -47.00  -43.00    0.00    0.00    0.00  -42.00    0.00    0.00  -45.00    0.00  -44.00  -46.00    0.00  -42.00
 46    0.00    0.00    0.00    0.00    0.00    0.00    0.00    0.00    0.00    0.00    0.00    0.00    0.00    0.00    0.00    0.00    0.00    0.00    0.00    0.00    0.00  -41.00  -47.00    0.00    0.00  -43.00  -40.00  -45.00  -40.00    0.00    0.00    0.00  -45.00    0.00    0.00  -46.00  -49.00  -42.00
 47    0.00    0.00    0.00    0.00    0.00    0.00    0.00    0.00    0.00    0.00    0.00    0.00    0.00    0.00    0.00    0.00    0.00  -45.00  -42.00  -49.00  -49.00    0.00  -47.00    0.00    0.00  -43.00    0.00  -45.00    0.00  -42.00  -42.00  -45.00  -45.00  -41.00  -44.00  -46.00    0.00    0.00
 48    0.00    0.00    0.00    0.00    0.00    0.00    0.00    0.00    0.00    0.00    0.00    0.00    0.00    0.00    0.00    0.00    0.00    0.00    0.00    0.00  -49.00    0.00  -47.00    0.00  -47.00    0.00    0.00    0.00    0.00  -42.00  -42.00  -45.00    0.00    0.00  -44.00    0.00    0.00  -42.00
 49    0.00    0.00    0.00    0.00    0.00    0.00    0.00    0.00    0.00    0.00    0.00    0.00    0.00    0.00    0.00    0.00    0.00  -45.00  -42.00    0.00    0.00  -41.00    0.00  -43.00  -47.00  -43.00  -40.00    0.00  -40.00    0.00  -42.00  -45.00  -45.00  -41.00  -44.00    0.00  -49.00    0.00
 50    0.00    0.00    0.00    0.00    0.00    0.00    0.00    0.00    0.00    0.00    0.00    0.00    0.00    0.00    0.00    0.00    0.00  -45.00  -42.00    0.00    0.00    0.00    0.00  -43.00    0.00  -43.00  -40.00  -45.00    0.00  -42.00    0.00  -45.00    0.00    0.00    0.00  -46.00    0.00  -42.00
 51    0.00    0.00    0.00    0.00    0.00    0.00    0.00    0.00    0.00    0.00    0.00    0.00    0.00    0.00    0.00    0.00    0.00    0.00  -42.00    0.00  -49.00    0.00    0.00  -43.00    0.00    0.00    0.00  -45.00  -40.00  -42.00    0.00    0.00  -45.00    0.00    0.00    0.00  -49.00    0.00
 52    0.00    0.00    0.00    0.00    0.00    0.00    0.00    0.00    0.00    0.00    0.00    0.00    0.00    0.00    0.00    0.00    0.00  -45.00    0.00    0.00    0.00    0.00  -47.00  -43.00    0.00  -43.00  -40.00    0.00    0.00    0.00  -42.00  -45.00    0.00  -41.00    0.00    0.00    0.00  -42.00 ;

# The adjacency matrix (the arcs set A)
table a(i,j)
     36  37  38  39  40  41  42  43  44  45  46  47  48  49  50  51  52  53  54  55  56  57  58  59  60  61  62  63  64  65  66  67  68  69  70  71  72  73
  1   1   0   0   1   1   1   1   1   0   0   0   1   0   0   0   0   1   0   0   0   0   0   0   0   0   0   0   1   1   0   0   1   0   0   0   1   0   0
  2   1   1   1   1   0   0   0   0   1   0   1   1   0   1   0   1   0   0   0   0   0   0   0   0   0   0   0   0   0   1   1   0   0   0   0   0   0   0
  3   0   0   0   1   0   0   1   0   0   0   1   1   0   0   1   0   1   0   0   1   0   1   1   1   1   0   0   0   0   0   0   0   0   0   1   1   1   0
  4   0   1   0   1   0   0   0   0   0   0   0   1   0   1   1   0   1   0   0   0   1   1   0   0   1   1   1   0   0   0   0   0   0   0   0   0   0   0
  5   1   1   1   1   0   0   0   1   0   0   0   1   0   0   1   0   0   0   0   1   0   0   1   0   0   1   0   0   1   0   1   0   0   0   0   0   1   0
  6   0   1   0   0   0   1   0   1   1   1   1   1   0   1   1   1   0   0   1   0   0   0   1   0   0   1   0   0   0   0   0   0   0   0   1   0   0   1
  7   1   0   1   1   1   0   0   1   1   0   0   0   0   1   0   1   1   0   0   0   0   0   0   0   0   0   0   0   0   0   0   1   0   0   0   1   1   1
  8   0   0   1   0   0   0   1   1   1   0   0   1   0   1   1   1   1   0   0   0   0   0   0   0   1   0   0   0   1   0   0   0   1   0   0   0   0   0
  9   0   1   1   0   1   0   0   1   1   0   1   1   1   0   1   0   0   0   1   0   0   0   0   0   1   0   1   0   0   0   0   1   0   1   0   1   0   1
 10   0   0   0   1   0   0   1   1   0   0   0   0   0   1   1   1   1   0   0   0   1   0   0   0   1   0   0   1   0   0   0   0   0   0   0   0   0   0
 11   0   1   1   0   1   0   1   0   0   0   1   1   1   0   1   1   1   0   0   0   0   0   0   0   0   0   0   0   0   0   0   0   0   1   1   0   1   0
 12   1   1   0   1   1   1   0   1   1   1   0   0   1   1   0   1   0   1   0   1   0   0   0   1   0   0   1   0   0   0   0   0   0   0   0   1   1   0
 13   1   1   1   1   1   0   0   1   1   0   1   1   0   0   1   0   1   0   0   1   1   1   0   0   1   0   0   0   0   0   0   0   0   0   0   0   0   0
 14   1   1   0   0   1   0   1   0   0   1   1   0   1   1   0   1   1   1   0   0   1   0   0   1   0   0   0   1   1   0   0   0   0   1   1   0   0   0
 15   1   1   1   0   0   0   0   0   1   0   0   0   1   0   1   0   0   0   0   0   0   0   0   0   0   1   0   0   0   0   1   0   1   1   0   1   0   0
 16   1   1   0   0   0   1   0   1   0   1   1   1   0   1   0   1   1   0   1   0   0   0   0   1   0   0   0   0   1   1   0   1   0   0   1   0   0   1
 17   1   1   0   1   1   0   0   0   1   0   1   0   0   1   0   1   0   1   0   0   1   0   0   0   1   1   1   1   1   0   0   0   1   0   1   1   1   0
 18   1   0   0   0   0   1   0   0   1   0   1   1   0   1   1   0   0   1   0   0   1   0   0   0   1   0   1   0   0   1   0   0   0   0   0   0   0   0
 19   1   1   0   1   1   1   0   1   0   0   1   0   1   0   1   1   1   0   0   1   0   0   0   0   0   0   0   0   1   1   1   0   0   0   0   0   1   0
 20   1   0   0   1   0   1   0   1   1   0   1   1   0   0   1   1   0   1   0   0   0   1   0   0   1   0   1   0   0   1   0   0   0   0   0   0   1   0
 21   1   0   1   1   0   0   0   1   1   0   0   0   1   0   1   0   1   0   0   0   0   0   1   0   0   0   1   0   1   0   0   0   0   0   1   0   0   0
 22   0   0   0   0   1   1   1   0   0   1   0   0   0   0   0   1   0   0   0   0   0   0   0   0   0   0   0   0   0   0   0   0   0   0   0   0   1   0
 23   1   0   1   1   1   1   0   1   0   1   1   0   1   0   0   0   1   0   0   0   0   1   0   0   1   0   0   1   0   1   0   0   0   0   1   0   0   1
 24   0   1   1   1   0   1   1   0   0   0   0   0   0   1   0   1   0   0   0   1   1   0   0   0   1   0   0   0   0   0   1   0   1   0   0   1   0   0
 25   1   0   1   0   0   0   1   1   1   1   0   1   0   1   1   1   1   0   0   0   0   1   0   1   0   0   0   0   0   1   0   0   0   0   0   0   0   0
 26   0   0   1   0   1   0   0   1   0   0   0   1   0   0   1   0   1   1   0   0   0   0   0   0   1   0   1   0   1   0   0   0   0   0   0   0   1   0
 27   1   1   0   0   0   1   0   0   0   1   0   0   0   0   0   1   0   0   0   1   0   0   0   1   1   1   0   0   0   0   0   0   0   0   0   0   0   0
 28   1   0   1   0   0   0   1   1   0   1   1   1   0   0   1   0   0   0   1   0   0   0   1   0   0   0   0   0   0   0   0   1   0   0   1   0   1   0
 29   1   0   0   0   1   1   1   1   0   1   1   0   1   1   0   1   1   0   0   1   0   0   0   0   0   0   0   0   0   0   0   1   1   0   0   0   0   0
 30   1   0   0   0   0   0   1   0   0   1   1   0   0   1   1   0   1   0   1   0   0   0   0   1   0   0   1   1   1   0   0   0   0   0   0   0   0   1
 31   1   0   1   0   0   0   1   0   1   0   0   1   1   0   1   0   1   1   0   0   0   0   0   0   0   0   0   0   1   0   1   0   0   0   0   0   1   0
 32   0   0   0   1   1   1   0   0   1   0   0   1   0   1   1   0   1   0   0   1   0   0   0   0   1   0   1   0   0   0   1   0   0   0   0   0   0   0
 33   0   1   0   0   1   1   0   1   0   0   0   1   0   1   0   0   0   0   0   1   0   0   1   0   0   0   0   1   0   1   1   0   0   0   0   0   1   0
 34   0   0   0   0   1   0   0   0   0   0   1   0   1   0   1   0   1   0   0   0   0   1   1   0   0   1   0   0   0   1   0   1   0   0   1   1   0   0
 35   1   1   0   0   1   0   0   1   0   0   1   0   1   0   0   1   1   0   0   1   0   0   0   1   1   0   0   0   1   0   0   1   1   0   0   1   0   0
 36   0   0   0   0   0   0   0   0   0   0   0   0   0   0   0   0   0   0   1   1   0   0   0   1   1   0   1   0   1   1   0   0   1   1   0   1   1   0
 37   0   0   0   0   0   0   0   0   0   0   0   0   0   0   0   0   0   1   1   1   0   0   0   0   0   0   1   1   0   0   1   1   1   1   1   0   0   0
 38   0   0   0   0   0   0   0   0   0   0   0   0   0   0   0   0   0   0   1   0   1   1   1   1   0   0   0   1   0   0   0   1   0   1   1   1   0   1
 39   0   0   0   0   0   0   0   0   0   0   0   0   0   0   0   0   0   1   0   1   1   0   1   0   0   1   1   0   1   0   0   0   0   1   0   0   1   1
 40   0   0   0   0   0   0   0   0   0   0   0   0   0   0   0   0   0   0   1   0   1   1   0   0   1   1   1   1   1   0   1   1   0   0   1   1   0   1
 41   0   0   0   0   0   0   0   0   0   0   0   0   0   0   0   0   0   0   1   1   1   0   0   0   0   1   0   1   0   0   1   1   0   0   0   0   1   0
 42   0   0   0   0   0   0   0   0   0   0   0   0   0   0   0   0   0   1   0   1   0   0   1   1   0   1   1   1   1   1   1   0   1   1   0   1   0   0
 43   0   0   0   0   0   0   0   0   0   0   0   0   0   0   0   0   0   0   1   1   1   1   1   1   0   1   1   0   1   0   1   1   1   0   0   0   1   0
 44   0   0   0   0   0   0   0   0   0   0   0   0   0   0   0   0   0   0   1   1   1   1   0   0   0   1   1   0   1   0   0   0   1   0   1   1   0   0
 45   0   0   0   0   0   0   0   0   0   0   0   0   0   0   0   0   0   1   1   0   1   0   0   1   1   1   0   0   0   1   0   0   1   0   1   1   0   1
 46   0   0   0   0   0   0   0   0   0   0   0   0   0   0   0   0   0   0   0   0   0   1   1   0   0   1   1   1   1   0   0   0   1   0   0   1   1   1
 47   0   0   0   0   0   0   0   0   0   0   0   0   0   0   0   0   0   1   1   1   1   0   1   0   0   1   0   1   0   1   1   1   1   1   1   1   0   0
 48   0   0   0   0   0   0   0   0   0   0   0   0   0   0   0   0   0   0   0   0   1   0   1   0   1   0   0   0   0   1   1   1   0   0   1   0   0   1
 49   0   0   0   0   0   0   0   0   0   0   0   0   0   0   0   0   0   1   1   0   0   1   0   1   1   1   1   0   1   0   1   1   1   1   1   0   1   0
 50   0   0   0   0   0   0   0   0   0   0   0   0   0   0   0   0   0   1   1   0   0   0   0   1   0   1   1   1   0   1   0   1   0   0   0   1   0   1
 51   0   0   0   0   0   0   0   0   0   0   0   0   0   0   0   0   0   0   1   0   1   0   0   1   0   0   0   1   1   1   0   0   1   0   0   0   1   0
 52   0   0   0   0   0   0   0   0   0   0   0   0   0   0   0   0   0   1   0   0   0   0   1   1   0   1   1   0   0   0   1   1   0   1   0   0   0   1 ;

# Source qualities/terminal quality upper bounds
table q(i,k)
          1       2       3       4       5       6       7       8       9      10      11      12      13      14      15      16      17      18      19      20      21      22      23      24      25      26      27      28      29      30      31      32      33      34
  1   31.78   64.58   13.38   65.91    9.27   33.01   78.26   74.75   27.80   44.10   56.87   65.08   16.80   27.67   64.40    7.04   17.38  -31.78  -64.58  -13.38  -65.91   -9.27  -33.01  -78.26  -74.75  -27.80  -44.10  -56.87  -65.08  -16.80  -27.67  -64.40   -7.04  -17.38
  2    3.70   79.54   18.65   35.89   69.91   44.79   46.13   77.06   38.18    8.71    1.49   56.13   49.29   58.86   63.14   10.43   74.30   -3.70  -79.54  -18.65  -35.89  -69.91  -44.79  -46.13  -77.06  -38.18   -8.71   -1.49  -56.13  -49.29  -58.86  -63.14  -10.43  -74.30
  3    1.74   49.43   21.51   69.94   22.45   54.94   75.94   22.69   79.17   33.18    1.38   25.75   12.92   46.15    4.33   75.07   69.90   -1.74  -49.43  -21.51  -69.94  -22.45  -54.94  -75.94  -22.69  -79.17  -33.18   -1.38  -25.75  -12.92  -46.15   -4.33  -75.07  -69.90
  4   22.04   23.51   20.37   51.45   39.36    1.92   38.86   27.45   11.38   39.36   30.33   73.07   74.53   31.48   18.71   72.37   52.87  -22.04  -23.51  -20.37  -51.45  -39.36   -1.92  -38.86  -27.45  -11.38  -39.36  -30.33  -73.07  -74.53  -31.48  -18.71  -72.37  -52.87
  5   33.18    7.67   47.11   55.77   10.46   74.50   64.26   75.32   20.70   40.46   15.58    3.15   66.52   28.24    8.20   54.16    9.81  -33.18   -7.67  -47.11  -55.77  -10.46  -74.50  -64.26  -75.32  -20.70  -40.46  -15.58   -3.15  -66.52  -28.24   -8.20  -54.16   -9.81
  6   73.02   74.34   28.98    3.21   36.84   53.38    1.07   34.78   34.15   71.48   22.56   14.33   55.94   28.40   61.00   47.30   30.42  -73.02  -74.34  -28.98   -3.21  -36.84  -53.38   -1.07  -34.78  -34.15  -71.48  -22.56  -14.33  -55.94  -28.40  -61.00  -47.30  -30.42
  7   39.78   74.43   42.92   49.45   35.53   61.75   31.54   53.01   74.89    0.36   51.65   32.60   17.84   42.35   47.34   60.27   37.92  -39.78  -74.43  -42.92  -49.45  -35.53  -61.75  -31.54  -53.01  -74.89   -0.36  -51.65  -32.60  -17.84  -42.35  -47.34  -60.27  -37.92
  8   17.61   14.07   10.87   56.20   29.41   74.53   14.62   61.23   40.03   11.47   35.08   49.36   76.38   53.27   31.23   48.06   36.01  -17.61  -14.07  -10.87  -56.20  -29.41  -74.53  -14.62  -61.23  -40.03  -11.47  -35.08  -49.36  -76.38  -53.27  -31.23  -48.06  -36.01
  9   68.31   12.95   18.87    8.96   29.13   37.11   21.92   32.31   39.23   79.82    1.48   30.48   18.65    3.24   18.39   48.94   53.72  -68.31  -12.95  -18.87   -8.96  -29.13  -37.11  -21.92  -32.31  -39.23  -79.82   -1.48  -30.48  -18.65   -3.24  -18.39  -48.94  -53.72
 10   36.57   65.25   14.34   69.92   58.72   62.12   74.79   49.96   50.19   11.61   66.25   44.55   64.37   33.98   60.51   67.02    2.55  -36.57  -65.25  -14.34  -69.92  -58.72  -62.12  -74.79  -49.96  -50.19  -11.61  -66.25  -44.55  -64.37  -33.98  -60.51  -67.02   -2.55
 11    4.15   17.34   51.48   35.23   68.00   54.65   15.31   45.53   15.93   29.72   59.75   74.44   45.09    1.09   47.71   75.73   10.45   -4.15  -17.34  -51.48  -35.23  -68.00  -54.65  -15.31  -45.53  -15.93  -29.72  -59.75  -74.44  -45.09   -1.09  -47.71  -75.73  -10.45
 12   59.40   46.47   17.98   10.27   70.11    9.57   19.59    7.83   47.24   17.82   68.17   12.44   32.57   33.29   19.77   35.76   36.58  -59.40  -46.47  -17.98  -10.27  -70.11   -9.57  -19.59   -7.83  -47.24  -17.82  -68.17  -12.44  -32.57  -33.29  -19.77  -35.76  -36.58
 13   55.19   75.32   30.36   25.88    3.87   76.28   26.25   27.20   25.10   10.68   65.99   62.74   74.58   20.79   32.40   68.14   30.60  -55.19  -75.32  -30.36  -25.88   -3.87  -76.28  -26.25  -27.20  -25.10  -10.68  -65.99  -62.74  -74.58  -20.79  -32.40  -68.14  -30.60
 14   40.33   35.89   37.75   57.36   10.49   25.62   27.97   73.80   18.13   53.75   34.07   30.21   57.34   72.16   58.95   22.90   47.65  -40.33  -35.89  -37.75  -57.36  -10.49  -25.62  -27.97  -73.80  -18.13  -53.75  -34.07  -30.21  -57.34  -72.16  -58.95  -22.90  -47.65
 15   71.99   21.88   54.73   61.82   38.85   32.45   34.12   16.37   37.26   12.19   39.27   34.78   21.46   46.17   27.77   42.12   35.05  -71.99  -21.88  -54.73  -61.82  -38.85  -32.45  -34.12  -16.37  -37.26  -12.19  -39.27  -34.78  -21.46  -46.17  -27.77  -42.12  -35.05
 16   63.92   78.91   68.98   25.08    9.34   19.55   70.33   30.19   79.51   11.36   41.72   54.51   60.32   22.22   62.13   35.40   63.28  -63.92  -78.91  -68.98  -25.08   -9.34  -19.55  -70.33  -30.19  -79.51  -11.36  -41.72  -54.51  -60.32  -22.22  -62.13  -35.40  -63.28
 17   48.06   72.74   13.59   41.68   59.37   77.06   16.82   59.09   12.90   26.43   25.93   11.22   52.27    0.55   15.58   48.04   66.09  -48.06  -72.74  -13.59  -41.68  -59.37  -77.06  -16.82  -59.09  -12.90  -26.43  -25.93  -11.22  -52.27   -0.55  -15.58  -48.04  -66.09
 18   75.23   55.55    2.75   32.40   15.15   26.64   74.24    8.93   50.93   64.45   49.05   16.32   45.84   50.61   15.57   75.40   43.33  -75.23  -55.55   -2.75  -32.40  -15.15  -26.64  -74.24   -8.93  -50.93  -64.45  -49.05  -16.32  -45.84  -50.61  -15.57  -75.40  -43.33
 19   75.09   39.83   36.18   43.37   62.05    9.09   79.30   60.70   49.31   30.83    8.53   66.41   57.02   14.32   61.38   64.09   51.34  -75.09  -39.83  -36.18  -43.37  -62.05   -9.09  -79.30  -60.70  -49.31  -30.83   -8.53  -66.41  -57.02  -14.32  -61.38  -64.09  -51.34
 20   26.01   25.40    1.36   15.29   35.44    8.48   47.69   50.79   22.67   26.00   60.87   57.04    2.11   77.27   19.85   22.93    0.45  -26.01  -25.40   -1.36  -15.29  -35.44   -8.48  -47.69  -50.79  -22.67  -26.00  -60.87  -57.04   -2.11  -77.27  -19.85  -22.93   -0.45
 21   53.94   45.16   51.52   71.25   47.94   64.58   76.58   28.02   24.03   57.07    4.58   76.10   18.78   10.98   66.54   37.23   74.33  -53.94  -45.16  -51.52  -71.25  -47.94  -64.58  -76.58  -28.02  -24.03  -57.07   -4.58  -76.10  -18.78  -10.98  -66.54  -37.23  -74.33
 22   10.42   34.40   56.00   30.18   47.92   45.39   32.38   43.37   22.60   39.57    9.90   57.35   54.03   21.06    3.42   28.86   76.05  -10.42  -34.40  -56.00  -30.18  -47.92  -45.39  -32.38  -43.37  -22.60  -39.57   -9.90  -57.35  -54.03  -21.06   -3.42  -28.86  -76.05
 23   30.77   68.30   33.53   68.19   49.57   34.63   73.68   49.85   57.20   13.05   21.22    3.05   28.92    6.33   26.30   41.20   31.11  -30.77  -68.30  -33.53  -68.19  -49.57  -34.63  -73.68  -49.85  -57.20  -13.05  -21.22   -3.05  -28.92   -6.33  -26.30  -41.20  -31.11
 24   51.11   56.68   44.43   28.04   75.35   57.06   58.10   58.63    8.18   33.24   21.96   26.18   30.47   18.36   68.27    2.16   49.66  -51.11  -56.68  -44.43  -28.04  -75.35  -57.06  -58.10  -58.63   -8.18  -33.24  -21.96  -26.18  -30.47  -18.36  -68.27   -2.16  -49.66
 25   22.12   61.24   71.38   52.54   55.91   35.68   49.71   21.20   14.63   35.72   12.86    4.51    9.90    4.92   48.37   47.75    7.49  -22.12  -61.24  -71.38  -52.54  -55.91  -35.68  -49.71  -21.20  -14.63  -35.72  -12.86   -4.51   -9.90   -4.92  -48.37  -47.75   -7.49
 26   46.11   40.41   14.83   69.04   24.98   34.35   59.83    3.70   48.21   75.22   38.45   17.00   17.75   78.80   27.31   63.84   64.73  -46.11  -40.41  -14.83  -69.04  -24.98  -34.35  -59.83   -3.70  -48.21  -75.22  -38.45  -17.00  -17.75  -78.80  -27.31  -63.84  -64.73
 27   79.90   42.73   40.18   33.03   28.98   35.72   58.48   34.47   31.37   31.45   46.91   10.50   75.85   16.95   40.00   32.23   29.08  -79.90  -42.73  -40.18  -33.03  -28.98  -35.72  -58.48  -34.47  -31.37  -31.45  -46.91  -10.50  -75.85  -16.95  -40.00  -32.23  -29.08
 28   48.09   62.92   70.55   44.78   65.60   52.57   55.34   31.90   30.51   73.97   39.64    2.55   74.47   12.06   58.02   70.31    2.10  -48.09  -62.92  -70.55  -44.78  -65.60  -52.57  -55.34  -31.90  -30.51  -73.97  -39.64   -2.55  -74.47  -12.06  -58.02  -70.31   -2.10
 29    6.13   62.24    4.17   66.59   12.94   62.01   27.11   20.39    5.57   40.11    4.94    8.87   16.96   22.20   17.64    2.19   43.94   -6.13  -62.24   -4.17  -66.59  -12.94  -62.01  -27.11  -20.39   -5.57  -40.11   -4.94   -8.87  -16.96  -22.20  -17.64   -2.19  -43.94
 30   31.19   58.15   61.16   69.15   78.66   32.27    5.06   52.15   74.01   66.01   27.08   49.31   41.21   26.74    8.11   74.31   20.07  -31.19  -58.15  -61.16  -69.15  -78.66  -32.27   -5.06  -52.15  -74.01  -66.01  -27.08  -49.31  -41.21  -26.74   -8.11  -74.31  -20.07
 31   31.06   66.98   62.58   30.66   22.58   60.95   15.41   15.12   47.87   70.69   20.59   60.61    7.80   57.49   30.37   32.13   19.25  -31.06  -66.98  -62.58  -30.66  -22.58  -60.95  -15.41  -15.12  -47.87  -70.69  -20.59  -60.61   -7.80  -57.49  -30.37  -32.13  -19.25
 32   66.90    5.21   26.36   69.42   62.46   28.71    1.96   38.68   28.11   39.57   32.80    2.91   31.25   68.38   54.61   30.40   14.55  -66.90   -5.21  -26.36  -69.42  -62.46  -28.71   -1.96  -38.68  -28.11  -39.57  -32.80   -2.91  -31.25  -68.38  -54.61  -30.40  -14.55
 33   36.61    0.19   69.29   79.80   23.68   52.33   60.83   67.33   33.25   77.49   49.60   59.06   36.60    7.53    9.79   10.64   68.52  -36.61   -0.19  -69.29  -79.80  -23.68  -52.33  -60.83  -67.33  -33.25  -77.49  -49.60  -59.06  -36.60   -7.53   -9.79  -10.64  -68.52
 34   44.91   37.21   69.68   17.31   52.01   57.10   34.68   67.24   42.69   71.91   35.32   48.96   40.54   20.35    5.50   45.77   60.82  -44.91  -37.21  -69.68  -17.31  -52.01  -57.10  -34.68  -67.24  -42.69  -71.91  -35.32  -48.96  -40.54  -20.35   -5.50  -45.77  -60.82
 35   35.98   59.14   53.27   70.53   51.16    4.93   24.65   64.06   40.73   15.83    7.72   20.82   42.86    3.05   12.97    9.75   33.00  -35.98  -59.14  -53.27  -70.53  -51.16   -4.93  -24.65  -64.06  -40.73  -15.83   -7.72  -20.82  -42.86   -3.05  -12.97   -9.75  -33.00
 53   73.90   39.99   22.94   39.55   89.93   46.21   74.41   48.79   99.72   66.13   94.53   43.91   52.39   52.27   31.52   47.77   20.40  -10.66   -2.96   -4.19  -19.78   -1.98  -10.66  -15.12   -6.24   -1.38   -4.76   -8.65   -0.74   -0.36  -18.91   -0.41  -19.00   -8.25
 54   53.60   34.99   82.54   49.20   58.24   56.88   32.50   99.98   48.62   22.33   85.79   96.45   34.94   91.15   31.71   36.04   71.13   -0.56  -16.83  -17.15   -4.31   -1.41  -10.90   -3.70  -16.91  -16.42  -16.35   -2.88  -11.50  -11.31   -5.35  -19.89   -1.60  -17.93
 55   74.18   62.91   91.71   87.86   46.00   95.84   76.96   86.59   32.66   54.94   25.93   56.46   52.72   91.78   90.77   51.90   29.72  -10.01   -5.52   -6.46   -3.53   -4.77  -14.81   -6.09  -10.21  -17.87   -6.21  -17.29   -4.18   -1.06  -13.41  -15.35  -16.24  -16.57
 56   89.19   43.00   94.62   49.79   20.87   75.63   31.38   80.45   40.36   54.72   62.91   41.82   71.23   25.42   34.40   55.09   86.06   -0.16  -13.67   -2.12   -9.43  -19.69   -9.98  -16.77   -6.42  -17.84   -3.39   -7.02   -6.68   -6.48   -3.29   -2.18  -13.49  -16.33
 57   27.98   80.25   42.50   29.96   38.89   63.46   56.80   30.60   62.66   80.96   45.83   57.65   49.06   81.75   20.56   78.90   53.02   -9.68   -6.64   -3.42   -3.75   -8.84   -1.12  -14.99  -12.88   -8.22   -2.68   -0.46  -12.39  -15.52  -13.68   -3.64   -7.98   -9.10
 58   64.76   75.35   47.29   69.53   91.84   69.71   33.14   71.67   31.05   37.83   51.41   87.81   22.05   60.07   38.02   74.75   75.01   -8.49  -17.02   -9.84  -16.62   -8.08  -19.56  -14.26   -6.51  -14.98  -11.42  -16.86   -9.53  -18.89  -16.72   -9.13   -6.89  -11.67
 59   37.83   45.74   80.56   44.84   47.62   76.13   58.23   72.10   71.94   84.91   44.02   61.50   94.28   53.11   39.67   68.68   96.05   -3.97   -0.33  -13.63  -11.96  -14.84   -4.11   -4.99   -8.49  -15.88  -16.34   -5.12  -16.96  -17.62  -11.91   -6.25   -1.14  -18.28
 60   94.68   63.02   60.00   37.29   73.08   76.17   50.39   66.38   57.72   84.91   88.06   71.21   28.05   38.62   56.29   54.78   23.87   -9.68  -19.96  -11.66  -13.43  -13.31  -14.14  -17.89   -0.81   -1.18   -8.30  -13.92  -15.29   -0.54  -11.32  -18.69   -0.84  -12.81
 61   60.25   80.93   27.63   30.45   83.83   85.44   51.05   93.10   99.78   63.48   46.11   26.54   20.22   64.18   69.71   78.83   77.80  -17.44  -17.10   -4.07   -0.88   -4.67   -9.16   -0.95   -1.78  -14.27  -12.42  -10.47   -5.27  -16.01   -1.18   -5.08  -19.69  -12.38
 62   68.96   70.98   58.77   89.73   25.82   76.14   81.01   44.84   81.49   42.07   98.71   47.20   81.29   36.48   42.97   97.90   57.37  -18.08   -9.61  -19.81   -2.69  -19.70   -1.67   -0.45   -4.55  -18.72   -5.36   -5.52   -5.17   -0.74  -16.19  -11.49  -17.02  -11.55
 63   53.48   67.46   50.72   87.57   38.23   53.15   34.61   49.99   53.01   39.19   99.95   72.48   43.04   81.77   67.66   95.96   86.00  -10.47  -11.01   -2.34   -9.85   -4.44  -16.99  -18.23  -15.44   -3.57  -16.30   -9.63  -11.85   -3.44  -18.76  -12.00   -8.22   -4.24
 64   83.61   96.76   48.08   20.57   95.18   99.20   95.04   90.52   26.78   50.99   81.16   51.97   24.35   70.03   73.95   27.33   75.18  -11.96  -19.73   -3.00  -17.04   -0.81   -2.60  -13.64  -13.32  -17.04   -1.28  -15.02   -9.92   -6.97  -17.59   -4.71  -17.25  -11.84
 65   76.31   68.31   84.01   41.47   26.24   84.50   36.14   76.17   54.85   64.25   39.21   57.79   26.62   68.73   30.96   98.81   76.45  -17.00  -16.47  -15.27   -7.46  -13.13   -2.69  -12.44   -7.07  -19.53  -11.77   -9.24  -19.83   -6.17  -12.11   -8.59   -9.56  -10.34
 66   76.06   65.22   97.78   46.74   49.02   40.71   91.96   96.93   82.06   75.84   69.42   61.29   48.63   27.33   92.62   71.80   23.20  -10.56   -8.19   -2.60  -17.86   -1.54  -18.00  -16.72   -5.58  -10.79   -3.61  -15.74  -13.58  -16.94  -12.53  -16.54   -0.76   -8.00
 67   38.72   36.97   23.82   98.33   72.25   95.29   25.94   45.95   99.50   92.42   33.82   97.15   72.80   94.25   76.22   69.52   39.22   -3.94   -1.06   -6.30  -19.74   -9.03   -8.39   -5.76   -9.93   -2.75  -17.85  -11.90  -15.72   -9.83  -10.75  -11.56   -0.95  -17.89
 68   73.37   23.49   50.57   34.02   53.41   53.46   86.71   21.88   90.09   52.49   26.83   77.10   84.54   31.44   86.29   60.99   60.77  -14.18   -8.05   -1.91  -15.47   -6.52  -10.20   -3.86   -8.15   -2.99  -11.26   -8.97   -3.81  -13.77   -1.12   -8.01  -10.25   -3.01
 69   46.35   52.47   54.24   42.50   45.12   66.37   39.02   54.08   34.82   70.23   80.81   37.08   46.67   51.96   90.69   79.66   79.53  -10.90  -14.07  -11.49   -0.76  -18.28  -12.20  -11.98  -19.98   -3.21   -5.66   -1.80   -7.29   -5.09   -8.34   -5.04   -0.53  -13.90
 70   48.22   89.13   54.06   27.15   56.15   70.85   51.85   85.31   36.10   34.28   53.98   23.22   53.24   30.22   58.80   47.70   54.82  -15.30  -16.43  -11.44   -7.20   -7.72   -5.32  -12.69   -3.32  -14.33   -7.60  -11.01   -6.57   -5.25   -7.32  -10.58  -15.09   -3.44
 71   80.73   55.14   32.56   23.65   76.53   38.69   39.55   98.40   49.78   88.19   38.17   63.93   26.32   96.54   62.33   21.76   91.14  -11.63  -11.36   -4.79   -9.59  -14.91   -8.09  -15.47   -1.66  -15.89   -8.28  -18.24  -16.46   -0.69  -16.55  -19.25   -8.12   -6.17
 72   52.80   70.90   31.78   52.29   69.72   63.43   86.03   38.20   52.63   81.28   94.74   63.19   47.21   28.26   72.74   94.71   93.01   -3.26  -13.18  -11.31  -13.13  -14.97   -5.47   -4.59   -4.00  -11.31   -5.30  -13.39  -12.00  -17.58  -15.63   -9.74   -9.93  -16.93
 73   65.71   32.48   58.19   46.95   56.78   81.10   62.11   96.47   78.97   46.57   94.99   77.83   86.59   27.42   89.74   64.41   23.71  -14.41  -18.08  -10.46   -3.44  -16.66   -7.10   -2.00   -2.51   -2.94  -16.63  -15.24  -15.25   -0.67   -7.95  -17.06  -15.21  -14.45 ;

# Node capacity lower bound
parameter bl(i) /  1     0.00
                   2     0.00
                   3     0.00
                   4     0.00
                   5     0.00
                   6     0.00
                   7     0.00
                   8     0.00
                   9     0.00
                  10     0.00
                  11     0.00
                  12     0.00
                  13     0.00
                  14     0.00
                  15     0.00
                  16     0.00
                  17     0.00
                  18     0.00
                  19     0.00
                  20     0.00
                  21     0.00
                  22     0.00
                  23     0.00
                  24     0.00
                  25     0.00
                  26     0.00
                  27     0.00
                  28     0.00
                  29     0.00
                  30     0.00
                  31     0.00
                  32     0.00
                  33     0.00
                  34     0.00
                  35     0.00
                  53     0.00
                  54     0.00
                  55     0.00
                  56     0.00
                  57     0.00
                  58     0.00
                  59     0.00
                  60     0.00
                  61     0.00
                  62     0.00
                  63     0.00
                  64     0.00
                  65     0.00
                  66     0.00
                  67     0.00
                  68     0.00
                  69     0.00
                  70     0.00
                  71     0.00
                  72     0.00
                  73     0.00 / ;

# Node capacity upper bound
parameter bu(i) /  1   270.00
                   2   188.00
                   3   256.00
                   4   207.00
                   5   263.00
                   6   105.00
                   7    58.00
                   8   224.00
                   9   271.00
                  10   286.00
                  11   102.00
                  12   248.00
                  13   156.00
                  14   246.00
                  15   219.00
                  16   108.00
                  17   206.00
                  18   192.00
                  19    14.00
                  20    30.00
                  21   185.00
                  22   121.00
                  23   192.00
                  24    12.00
                  25   130.00
                  26    15.00
                  27   247.00
                  28    54.00
                  29   202.00
                  30   202.00
                  31   178.00
                  32   100.00
                  33    95.00
                  34   284.00
                  35   129.00
                  36   123.00
                  37    62.00
                  38    72.00
                  39    91.00
                  40    58.00
                  41    62.00
                  42    80.00
                  43   184.00
                  44    99.00
                  45    61.00
                  46   138.00
                  47    99.00
                  48   188.00
                  49   150.00
                  50    62.00
                  51   192.00
                  52   136.00
                  53    42.00
                  54   178.00
                  55   241.00
                  56     1.00
                  57    73.00
                  58    47.00
                  59   160.00
                  60    43.00
                  61    38.00
                  62   206.00
                  63   104.00
                  64   237.00
                  65   147.00
                  66   229.00
                  67   170.00
                  68   212.00
                  69   272.00
                  70   170.00
                  71    21.00
                  72    86.00
                  73   259.00 / ;

$include xmodel.gms