$ontext
    sppB3 pooling problem data.
    Author: Mohammed Alfaki, Wed Nov  9 15:36:08 2011
$offtext

$eolcom #

# Declare sets
    set i    / 1*73 /;
    set s(i) / 1*35 /;
    set t(i) /53*73 /;
    set k    / 1*34 /;

alias (i,j);

# The arc unit cost c_{ij}
table c(i,j)
         36      37      38      39      40      41      42      43      44      45      46      47      48      49      50      51      52      53      54      55      56      57      58      59      60      61      62      63      64      65      66      67      68      69      70      71      72      73
  1    0.00   14.00   14.00   14.00   14.00   14.00   14.00    0.00   14.00   14.00    0.00    0.00   14.00   14.00    0.00   14.00    0.00    0.00    0.00    0.00    0.00  -27.00    0.00    0.00    0.00    0.00    0.00  -29.00  -27.00    0.00    0.00    0.00    0.00    0.00    0.00  -29.00  -32.00  -32.00
  2   27.00   27.00   27.00   27.00    0.00   27.00   27.00   27.00   27.00   27.00   27.00   27.00   27.00    0.00    0.00   27.00   27.00  -21.00    0.00    0.00    0.00    0.00    0.00    0.00    0.00    0.00    0.00    0.00  -14.00  -16.00    0.00  -15.00  -17.00    0.00    0.00  -16.00  -19.00  -19.00
  3    0.00   29.00   29.00    0.00    0.00   29.00   29.00   29.00   29.00    0.00   29.00    0.00   29.00   29.00   29.00   29.00   29.00  -19.00    0.00    0.00  -17.00  -12.00    0.00    0.00    0.00  -11.00    0.00  -14.00    0.00    0.00    0.00    0.00    0.00  -14.00  -11.00    0.00    0.00    0.00
  4    0.00    0.00   32.00   32.00    0.00   32.00   32.00   32.00   32.00    0.00   32.00   32.00   32.00    0.00   32.00    0.00    0.00    0.00    0.00    0.00    0.00   -9.00  -13.00  -10.00   -8.00    0.00    0.00  -11.00    0.00    0.00    0.00    0.00    0.00    0.00    0.00    0.00    0.00    0.00
  5   43.00    0.00    0.00   43.00   43.00    0.00   43.00   43.00   43.00   43.00   43.00    0.00   43.00   43.00    0.00   43.00    0.00    0.00    0.00   -6.00    0.00    0.00    0.00    1.00    3.00    3.00    0.00    0.00    0.00    0.00   -2.00    0.00    0.00    0.00    0.00    0.00    0.00    0.00
  6    0.00   22.00   22.00   22.00    0.00   22.00    0.00   22.00    0.00   22.00   22.00   22.00   22.00   22.00    0.00    0.00   22.00    0.00    0.00    0.00    0.00  -19.00    0.00    0.00    0.00    0.00    0.00    0.00  -19.00    0.00    0.00    0.00    0.00    0.00    0.00    0.00    0.00    0.00
  7   30.00   30.00   30.00   30.00    0.00    0.00   30.00   30.00    0.00   30.00    0.00    0.00   30.00   30.00   30.00   30.00   30.00    0.00  -16.00    0.00    0.00    0.00    0.00  -12.00    0.00    0.00    0.00    0.00  -11.00    0.00  -15.00  -12.00  -14.00    0.00    0.00    0.00    0.00    0.00
  8   16.00    0.00    0.00    0.00   16.00   16.00   16.00   16.00   16.00   16.00    0.00   16.00   16.00   16.00   16.00   16.00   16.00    0.00  -30.00    0.00    0.00    0.00    0.00  -26.00  -24.00  -24.00    0.00    0.00    0.00    0.00    0.00  -26.00    0.00  -27.00    0.00  -27.00    0.00    0.00
  9    0.00    0.00    0.00   40.00   40.00   40.00   40.00   40.00    0.00   40.00    0.00   40.00   40.00   40.00    0.00    0.00    0.00   -8.00    0.00    0.00    0.00   -1.00   -5.00    0.00    0.00    0.00   -6.00    0.00   -1.00    0.00    0.00   -2.00    0.00    0.00    0.00    0.00   -6.00    0.00
 10    0.00    0.00    0.00   15.00    0.00   15.00   15.00   15.00    0.00    0.00    0.00    0.00    0.00   15.00    0.00    0.00    0.00    0.00    0.00    0.00    0.00    0.00  -30.00  -27.00    0.00    0.00    0.00    0.00    0.00    0.00  -30.00  -27.00    0.00  -28.00    0.00    0.00    0.00  -31.00
 11   37.00    0.00   37.00    0.00    0.00   37.00    0.00   37.00   37.00   37.00    0.00   37.00   37.00    0.00   37.00   37.00    0.00    0.00    0.00    0.00    0.00    0.00    0.00    0.00    0.00    0.00    0.00    0.00    0.00    0.00    0.00    0.00    0.00    0.00    0.00    0.00    0.00    0.00
 12   27.00   27.00   27.00   27.00   27.00   27.00   27.00    0.00   27.00    0.00    0.00   27.00   27.00    0.00   27.00   27.00   27.00    0.00    0.00    0.00  -19.00  -14.00  -18.00    0.00    0.00    0.00    0.00    0.00    0.00    0.00    0.00    0.00    0.00    0.00    0.00    0.00    0.00  -19.00
 13   18.00    0.00   18.00   18.00   18.00    0.00   18.00   18.00   18.00    0.00    0.00   18.00   18.00    0.00   18.00    0.00   18.00    0.00    0.00    0.00    0.00  -23.00    0.00  -24.00    0.00    0.00    0.00    0.00    0.00    0.00    0.00    0.00    0.00  -25.00    0.00    0.00    0.00  -28.00
 14    0.00   18.00   18.00   18.00   18.00   18.00   18.00   18.00    0.00   18.00    0.00   18.00   18.00   18.00   18.00   18.00   18.00    0.00    0.00    0.00  -28.00  -23.00  -27.00    0.00    0.00    0.00  -28.00  -25.00    0.00    0.00  -27.00    0.00    0.00    0.00    0.00    0.00  -28.00    0.00
 15    0.00   43.00    0.00   43.00    0.00    0.00    0.00   43.00    0.00    0.00    0.00   43.00   43.00   43.00   43.00   43.00   43.00   -5.00    0.00    0.00    0.00    0.00   -2.00    0.00    0.00    3.00   -3.00    0.00    0.00    0.00    0.00    0.00    0.00    0.00    0.00    0.00    0.00   -3.00
 16    0.00    0.00   10.00   10.00    0.00    0.00    0.00   10.00    0.00    0.00    0.00   10.00    0.00    0.00    0.00   10.00   10.00    0.00    0.00    0.00    0.00    0.00    0.00  -32.00    0.00    0.00    0.00  -33.00  -31.00    0.00    0.00    0.00    0.00  -33.00  -30.00  -33.00    0.00  -36.00
 17    0.00   25.00    0.00   25.00   25.00   25.00    0.00    0.00    0.00   25.00   25.00   25.00   25.00   25.00   25.00   25.00    0.00    0.00    0.00    0.00  -21.00    0.00    0.00    0.00    0.00    0.00  -21.00    0.00  -16.00  -18.00    0.00    0.00    0.00    0.00    0.00    0.00    0.00    0.00
 18   35.00   35.00   35.00   35.00    0.00   35.00    0.00   35.00   35.00    0.00    0.00   35.00    0.00   35.00   35.00   35.00    0.00    0.00    0.00    0.00    0.00    0.00    0.00   -7.00    0.00    0.00  -11.00   -8.00    0.00    0.00  -10.00   -7.00   -9.00    0.00   -5.00   -8.00  -11.00    0.00
 19   34.00   34.00   34.00   34.00   34.00   34.00   34.00   34.00   34.00   34.00   34.00    0.00   34.00   34.00    0.00   34.00   34.00  -14.00    0.00    0.00  -12.00   -7.00    0.00    0.00    0.00    0.00    0.00   -9.00    0.00    0.00    0.00    0.00    0.00    0.00    0.00    0.00  -12.00    0.00
 20   10.00   10.00    0.00   10.00   10.00    0.00   10.00   10.00   10.00    0.00   10.00   10.00    0.00    0.00   10.00   10.00   10.00    0.00  -36.00  -39.00  -36.00  -31.00    0.00  -32.00    0.00    0.00    0.00    0.00    0.00  -33.00  -35.00  -32.00  -34.00    0.00  -30.00  -33.00  -36.00    0.00
 21   42.00    0.00   42.00    0.00   42.00    0.00    0.00    0.00   42.00   42.00   42.00   42.00    0.00    0.00   42.00   42.00   42.00    0.00    0.00    0.00    0.00    0.00   -3.00    0.00    0.00    0.00    0.00    0.00    0.00    0.00   -3.00    0.00   -2.00    0.00    0.00   -1.00    0.00    0.00
 22   18.00    0.00   18.00   18.00   18.00   18.00   18.00   18.00    0.00   18.00    0.00    0.00   18.00    0.00   18.00    0.00   18.00  -30.00  -28.00    0.00  -28.00    0.00  -27.00    0.00  -22.00    0.00    0.00    0.00  -23.00    0.00    0.00    0.00    0.00    0.00    0.00    0.00    0.00    0.00
 23    0.00   34.00    0.00   34.00   34.00   34.00   34.00   34.00   34.00    0.00   34.00    0.00   34.00   34.00    0.00   34.00   34.00    0.00    0.00  -15.00    0.00    0.00    0.00   -8.00    0.00    0.00    0.00    0.00    0.00    0.00    0.00    0.00  -10.00    0.00    0.00    0.00  -12.00    0.00
 24    0.00    0.00   22.00   22.00   22.00   22.00   22.00    0.00   22.00   22.00   22.00    0.00    0.00   22.00    0.00    0.00   22.00    0.00  -24.00    0.00  -24.00    0.00    0.00    0.00  -18.00    0.00    0.00  -21.00    0.00    0.00    0.00    0.00  -22.00  -21.00    0.00  -21.00    0.00    0.00
 25   38.00   38.00    0.00    0.00   38.00   38.00   38.00    0.00    0.00    0.00   38.00    0.00   38.00   38.00    0.00   38.00    0.00  -10.00    0.00  -11.00   -8.00    0.00    0.00    0.00   -2.00    0.00   -8.00    0.00    0.00   -5.00    0.00    0.00    0.00    0.00    0.00    0.00    0.00   -8.00
 26   44.00    0.00   44.00    0.00   44.00   44.00   44.00    0.00   44.00   44.00    0.00   44.00    0.00   44.00   44.00   44.00   44.00    0.00   -2.00   -5.00   -2.00    0.00   -1.00    0.00    0.00    4.00   -2.00    0.00    0.00    0.00    0.00    0.00    0.00    0.00    0.00    1.00    0.00    0.00
 27   49.00    0.00    0.00   49.00   49.00    0.00   49.00    0.00   49.00   49.00   49.00    0.00   49.00    0.00   49.00   49.00    0.00    1.00    3.00    0.00    0.00    0.00    0.00    0.00    9.00    0.00    0.00    6.00    0.00    0.00    0.00    7.00    0.00    6.00    0.00    6.00    3.00    0.00
 28   13.00   13.00    0.00   13.00   13.00   13.00    0.00    0.00   13.00    0.00   13.00    0.00    0.00   13.00   13.00   13.00   13.00    0.00    0.00  -36.00    0.00    0.00  -32.00    0.00    0.00  -27.00  -33.00  -30.00  -28.00    0.00    0.00    0.00    0.00    0.00    0.00  -30.00  -33.00  -33.00
 29    0.00   36.00   36.00    0.00    0.00    0.00    0.00   36.00   36.00    0.00    0.00   36.00   36.00   36.00   36.00   36.00   36.00    0.00  -10.00  -13.00    0.00    0.00   -9.00    0.00    0.00   -4.00    0.00    0.00    0.00    0.00    0.00    0.00   -8.00   -7.00   -4.00   -7.00  -10.00    0.00
 30    0.00   32.00   32.00   32.00   32.00   32.00   32.00   32.00    0.00   32.00   32.00   32.00   32.00   32.00    0.00   32.00   32.00    0.00    0.00    0.00    0.00    0.00  -13.00    0.00    0.00    0.00    0.00    0.00    0.00    0.00  -13.00  -10.00    0.00  -11.00    0.00    0.00    0.00    0.00
 31   28.00   28.00   28.00   28.00    0.00    0.00   28.00    0.00    0.00   28.00   28.00    0.00    0.00    0.00   28.00   28.00    0.00    0.00  -18.00    0.00  -18.00    0.00    0.00    0.00    0.00    0.00    0.00    0.00    0.00    0.00    0.00    0.00  -16.00    0.00    0.00    0.00    0.00    0.00
 32   28.00    0.00    0.00    0.00    0.00   28.00    0.00   28.00    0.00   28.00   28.00   28.00   28.00   28.00    0.00   28.00    0.00    0.00    0.00    0.00    0.00    0.00  -17.00  -14.00    0.00    0.00  -18.00  -15.00    0.00  -15.00  -17.00    0.00  -16.00    0.00    0.00    0.00  -18.00    0.00
 33   12.00    0.00    0.00    0.00   12.00    0.00   12.00   12.00   12.00   12.00    0.00    0.00    0.00   12.00   12.00   12.00    0.00    0.00  -34.00    0.00    0.00    0.00  -33.00    0.00    0.00    0.00    0.00    0.00    0.00  -31.00    0.00    0.00  -32.00  -31.00  -28.00    0.00    0.00    0.00
 34   42.00    0.00   42.00   42.00   42.00   42.00   42.00    0.00   42.00   42.00   42.00   42.00   42.00    0.00   42.00   42.00    0.00   -6.00   -4.00   -7.00    0.00    0.00    0.00    0.00    0.00    0.00    0.00    0.00    0.00    0.00   -3.00    0.00    0.00    0.00    2.00   -1.00    0.00    0.00
 35    0.00    0.00   24.00   24.00   24.00   24.00   24.00   24.00    0.00    0.00    0.00   24.00   24.00    0.00    0.00    0.00   24.00    0.00    0.00    0.00  -22.00    0.00    0.00    0.00    0.00    0.00    0.00  -19.00  -17.00    0.00    0.00    0.00    0.00    0.00    0.00    0.00  -22.00  -22.00
 36    0.00    0.00    0.00    0.00    0.00    0.00    0.00    0.00    0.00    0.00    0.00    0.00    0.00    0.00    0.00    0.00    0.00    0.00  -46.00  -49.00  -46.00    0.00    0.00  -42.00  -40.00  -40.00    0.00    0.00    0.00    0.00    0.00  -42.00  -44.00    0.00    0.00  -43.00  -46.00  -46.00
 37    0.00    0.00    0.00    0.00    0.00    0.00    0.00    0.00    0.00    0.00    0.00    0.00    0.00    0.00    0.00    0.00    0.00    0.00  -46.00  -49.00    0.00  -41.00  -45.00    0.00  -40.00  -40.00    0.00    0.00  -41.00    0.00  -45.00  -42.00  -44.00  -43.00  -40.00  -43.00  -46.00  -46.00
 38    0.00    0.00    0.00    0.00    0.00    0.00    0.00    0.00    0.00    0.00    0.00    0.00    0.00    0.00    0.00    0.00    0.00  -48.00  -46.00  -49.00    0.00    0.00    0.00    0.00  -40.00    0.00  -46.00    0.00    0.00  -43.00    0.00    0.00    0.00    0.00  -40.00    0.00    0.00    0.00
 39    0.00    0.00    0.00    0.00    0.00    0.00    0.00    0.00    0.00    0.00    0.00    0.00    0.00    0.00    0.00    0.00    0.00    0.00    0.00  -49.00    0.00  -41.00  -45.00    0.00    0.00  -40.00  -46.00  -43.00  -41.00  -43.00    0.00  -42.00  -44.00  -43.00  -40.00  -43.00  -46.00  -46.00
 40    0.00    0.00    0.00    0.00    0.00    0.00    0.00    0.00    0.00    0.00    0.00    0.00    0.00    0.00    0.00    0.00    0.00  -48.00  -46.00  -49.00    0.00  -41.00  -45.00    0.00  -40.00    0.00    0.00    0.00  -41.00  -43.00  -45.00  -42.00  -44.00  -43.00  -40.00    0.00    0.00  -46.00
 41    0.00    0.00    0.00    0.00    0.00    0.00    0.00    0.00    0.00    0.00    0.00    0.00    0.00    0.00    0.00    0.00    0.00  -48.00    0.00  -49.00  -46.00    0.00  -45.00  -42.00  -40.00  -40.00  -46.00  -43.00    0.00  -43.00  -45.00  -42.00    0.00  -43.00  -40.00    0.00    0.00  -46.00
 42    0.00    0.00    0.00    0.00    0.00    0.00    0.00    0.00    0.00    0.00    0.00    0.00    0.00    0.00    0.00    0.00    0.00  -48.00  -46.00  -49.00    0.00  -41.00    0.00  -42.00  -40.00    0.00    0.00  -43.00  -41.00    0.00  -45.00  -42.00    0.00    0.00    0.00  -43.00  -46.00    0.00
 43    0.00    0.00    0.00    0.00    0.00    0.00    0.00    0.00    0.00    0.00    0.00    0.00    0.00    0.00    0.00    0.00    0.00    0.00  -46.00    0.00    0.00    0.00    0.00    0.00  -40.00  -40.00    0.00  -43.00  -41.00    0.00    0.00  -42.00  -44.00  -43.00  -40.00  -43.00  -46.00  -46.00
 44    0.00    0.00    0.00    0.00    0.00    0.00    0.00    0.00    0.00    0.00    0.00    0.00    0.00    0.00    0.00    0.00    0.00  -48.00  -46.00    0.00    0.00  -41.00    0.00  -42.00    0.00    0.00  -46.00    0.00  -41.00  -43.00    0.00  -42.00    0.00  -43.00    0.00    0.00    0.00    0.00
 45    0.00    0.00    0.00    0.00    0.00    0.00    0.00    0.00    0.00    0.00    0.00    0.00    0.00    0.00    0.00    0.00    0.00  -48.00    0.00  -49.00  -46.00  -41.00  -45.00    0.00    0.00    0.00    0.00  -43.00  -41.00  -43.00    0.00  -42.00    0.00    0.00  -40.00    0.00    0.00  -46.00
 46    0.00    0.00    0.00    0.00    0.00    0.00    0.00    0.00    0.00    0.00    0.00    0.00    0.00    0.00    0.00    0.00    0.00    0.00    0.00    0.00  -46.00  -41.00    0.00    0.00    0.00  -40.00  -46.00  -43.00    0.00    0.00  -45.00  -42.00  -44.00  -43.00    0.00  -43.00    0.00    0.00
 47    0.00    0.00    0.00    0.00    0.00    0.00    0.00    0.00    0.00    0.00    0.00    0.00    0.00    0.00    0.00    0.00    0.00    0.00    0.00    0.00  -46.00    0.00  -45.00  -42.00    0.00  -40.00  -46.00  -43.00    0.00  -43.00    0.00    0.00  -44.00  -43.00    0.00  -43.00    0.00    0.00
 48    0.00    0.00    0.00    0.00    0.00    0.00    0.00    0.00    0.00    0.00    0.00    0.00    0.00    0.00    0.00    0.00    0.00    0.00  -46.00    0.00    0.00  -41.00    0.00  -42.00    0.00  -40.00    0.00  -43.00  -41.00  -43.00  -45.00  -42.00  -44.00    0.00    0.00  -43.00  -46.00    0.00
 49    0.00    0.00    0.00    0.00    0.00    0.00    0.00    0.00    0.00    0.00    0.00    0.00    0.00    0.00    0.00    0.00    0.00  -48.00  -46.00    0.00    0.00    0.00    0.00  -42.00    0.00  -40.00  -46.00  -43.00  -41.00  -43.00  -45.00  -42.00  -44.00    0.00  -40.00  -43.00  -46.00  -46.00
 50    0.00    0.00    0.00    0.00    0.00    0.00    0.00    0.00    0.00    0.00    0.00    0.00    0.00    0.00    0.00    0.00    0.00    0.00    0.00    0.00  -46.00  -41.00    0.00    0.00  -40.00  -40.00  -46.00  -43.00  -41.00    0.00    0.00  -42.00    0.00  -43.00    0.00  -43.00  -46.00  -46.00
 51    0.00    0.00    0.00    0.00    0.00    0.00    0.00    0.00    0.00    0.00    0.00    0.00    0.00    0.00    0.00    0.00    0.00    0.00    0.00  -49.00    0.00  -41.00  -45.00  -42.00    0.00  -40.00    0.00    0.00  -41.00    0.00  -45.00  -42.00  -44.00  -43.00  -40.00    0.00    0.00  -46.00
 52    0.00    0.00    0.00    0.00    0.00    0.00    0.00    0.00    0.00    0.00    0.00    0.00    0.00    0.00    0.00    0.00    0.00    0.00  -46.00    0.00  -46.00    0.00  -45.00  -42.00    0.00    0.00  -46.00    0.00  -41.00    0.00  -45.00    0.00    0.00    0.00  -40.00  -43.00  -46.00  -46.00 ;

# The adjacency matrix (the arcs set A)
table a(i,j)
     36  37  38  39  40  41  42  43  44  45  46  47  48  49  50  51  52  53  54  55  56  57  58  59  60  61  62  63  64  65  66  67  68  69  70  71  72  73
  1   0   1   1   1   1   1   1   0   1   1   0   0   1   1   0   1   0   0   0   0   0   1   0   0   0   0   0   1   1   0   0   0   0   0   0   1   1   1
  2   1   1   1   1   0   1   1   1   1   1   1   1   1   0   0   1   1   1   0   0   0   0   0   0   0   0   0   0   1   1   0   1   1   0   0   1   1   1
  3   0   1   1   0   0   1   1   1   1   0   1   0   1   1   1   1   1   1   0   0   1   1   0   0   0   1   0   1   0   0   0   0   0   1   1   0   0   0
  4   0   0   1   1   0   1   1   1   1   0   1   1   1   0   1   0   0   0   0   0   0   1   1   1   1   0   0   1   0   0   0   0   0   0   0   0   0   0
  5   1   0   0   1   1   0   1   1   1   1   1   0   1   1   0   1   0   0   0   1   0   0   0   1   1   1   0   0   0   0   1   0   0   0   0   0   0   0
  6   0   1   1   1   0   1   0   1   0   1   1   1   1   1   0   0   1   0   0   0   0   1   0   0   0   0   0   0   1   0   0   0   0   0   0   0   0   0
  7   1   1   1   1   0   0   1   1   0   1   0   0   1   1   1   1   1   0   1   0   0   0   0   1   0   0   0   0   1   0   1   1   1   0   0   0   0   0
  8   1   0   0   0   1   1   1   1   1   1   0   1   1   1   1   1   1   0   1   0   0   0   0   1   1   1   0   0   0   0   0   1   0   1   0   1   0   0
  9   0   0   0   1   1   1   1   1   0   1   0   1   1   1   0   0   0   1   0   0   0   1   1   0   0   0   1   0   1   0   0   1   0   0   0   0   1   0
 10   0   0   0   1   0   1   1   1   0   0   0   0   0   1   0   0   0   0   0   0   0   0   1   1   0   0   0   0   0   0   1   1   0   1   0   0   0   1
 11   1   0   1   0   0   1   0   1   1   1   0   1   1   0   1   1   0   0   0   0   0   0   0   0   0   0   0   0   0   0   0   0   0   0   0   0   0   0
 12   1   1   1   1   1   1   1   0   1   0   0   1   1   0   1   1   1   0   0   0   1   1   1   0   0   0   0   0   0   0   0   0   0   0   0   0   0   1
 13   1   0   1   1   1   0   1   1   1   0   0   1   1   0   1   0   1   0   0   0   0   1   0   1   0   0   0   0   0   0   0   0   0   1   0   0   0   1
 14   0   1   1   1   1   1   1   1   0   1   0   1   1   1   1   1   1   0   0   0   1   1   1   0   0   0   1   1   0   0   1   0   0   0   0   0   1   0
 15   0   1   0   1   0   0   0   1   0   0   0   1   1   1   1   1   1   1   0   0   0   0   1   0   0   1   1   0   0   0   0   0   0   0   0   0   0   1
 16   0   0   1   1   0   0   0   1   0   0   0   1   0   0   0   1   1   0   0   0   0   0   0   1   0   0   0   1   1   0   0   0   0   1   1   1   0   1
 17   0   1   0   1   1   1   0   0   0   1   1   1   1   1   1   1   0   0   0   0   1   0   0   0   0   0   1   0   1   1   0   0   0   0   0   0   0   0
 18   1   1   1   1   0   1   0   1   1   0   0   1   0   1   1   1   0   0   0   0   0   0   0   1   0   0   1   1   0   0   1   1   1   0   1   1   1   0
 19   1   1   1   1   1   1   1   1   1   1   1   0   1   1   0   1   1   1   0   0   1   1   0   0   0   0   0   1   0   0   0   0   0   0   0   0   1   0
 20   1   1   0   1   1   0   1   1   1   0   1   1   0   0   1   1   1   0   1   1   1   1   0   1   0   0   0   0   0   1   1   1   1   0   1   1   1   0
 21   1   0   1   0   1   0   0   0   1   1   1   1   0   0   1   1   1   0   0   0   0   0   1   0   0   0   0   0   0   0   1   0   1   0   0   1   0   0
 22   1   0   1   1   1   1   1   1   0   1   0   0   1   0   1   0   1   1   1   0   1   0   1   0   1   0   0   0   1   0   0   0   0   0   0   0   0   0
 23   0   1   0   1   1   1   1   1   1   0   1   0   1   1   0   1   1   0   0   1   0   0   0   1   0   0   0   0   0   0   0   0   1   0   0   0   1   0
 24   0   0   1   1   1   1   1   0   1   1   1   0   0   1   0   0   1   0   1   0   1   0   0   0   1   0   0   1   0   0   0   0   1   1   0   1   0   0
 25   1   1   0   0   1   1   1   0   0   0   1   0   1   1   0   1   0   1   0   1   1   0   0   0   1   0   1   0   0   1   0   0   0   0   0   0   0   1
 26   1   0   1   0   1   1   1   0   1   1   0   1   0   1   1   1   1   0   1   1   1   0   1   0   0   1   1   0   0   0   0   0   0   0   0   1   0   0
 27   1   0   0   1   1   0   1   0   1   1   1   0   1   0   1   1   0   1   1   0   0   0   0   0   1   0   0   1   0   0   0   1   0   1   0   1   1   0
 28   1   1   0   1   1   1   0   0   1   0   1   0   0   1   1   1   1   0   0   1   0   0   1   0   0   1   1   1   1   0   0   0   0   0   0   1   1   1
 29   0   1   1   0   0   0   0   1   1   0   0   1   1   1   1   1   1   0   1   1   0   0   1   0   0   1   0   0   0   0   0   0   1   1   1   1   1   0
 30   0   1   1   1   1   1   1   1   0   1   1   1   1   1   0   1   1   0   0   0   0   0   1   0   0   0   0   0   0   0   1   1   0   1   0   0   0   0
 31   1   1   1   1   0   0   1   0   0   1   1   0   0   0   1   1   0   0   1   0   1   0   0   0   0   0   0   0   0   0   0   0   1   0   0   0   0   0
 32   1   0   0   0   0   1   0   1   0   1   1   1   1   1   0   1   0   0   0   0   0   0   1   1   0   0   1   1   0   1   1   0   1   0   0   0   1   0
 33   1   0   0   0   1   0   1   1   1   1   0   0   0   1   1   1   0   0   1   0   0   0   1   0   0   0   0   0   0   1   0   0   1   1   1   0   0   0
 34   1   0   1   1   1   1   1   0   1   1   1   1   1   0   1   1   0   1   1   1   0   0   0   0   0   0   0   0   0   0   1   0   0   0   1   1   0   0
 35   0   0   1   1   1   1   1   1   0   0   0   1   1   0   0   0   1   0   0   0   1   0   0   0   0   0   0   1   1   0   0   0   0   0   0   0   1   1
 36   0   0   0   0   0   0   0   0   0   0   0   0   0   0   0   0   0   0   1   1   1   0   0   1   1   1   0   0   0   0   0   1   1   0   0   1   1   1
 37   0   0   0   0   0   0   0   0   0   0   0   0   0   0   0   0   0   0   1   1   0   1   1   0   1   1   0   0   1   0   1   1   1   1   1   1   1   1
 38   0   0   0   0   0   0   0   0   0   0   0   0   0   0   0   0   0   1   1   1   0   0   0   0   1   0   1   0   0   1   0   0   0   0   1   0   0   0
 39   0   0   0   0   0   0   0   0   0   0   0   0   0   0   0   0   0   0   0   1   0   1   1   0   0   1   1   1   1   1   0   1   1   1   1   1   1   1
 40   0   0   0   0   0   0   0   0   0   0   0   0   0   0   0   0   0   1   1   1   0   1   1   0   1   0   0   0   1   1   1   1   1   1   1   0   0   1
 41   0   0   0   0   0   0   0   0   0   0   0   0   0   0   0   0   0   1   0   1   1   0   1   1   1   1   1   1   0   1   1   1   0   1   1   0   0   1
 42   0   0   0   0   0   0   0   0   0   0   0   0   0   0   0   0   0   1   1   1   0   1   0   1   1   0   0   1   1   0   1   1   0   0   0   1   1   0
 43   0   0   0   0   0   0   0   0   0   0   0   0   0   0   0   0   0   0   1   0   0   0   0   0   1   1   0   1   1   0   0   1   1   1   1   1   1   1
 44   0   0   0   0   0   0   0   0   0   0   0   0   0   0   0   0   0   1   1   0   0   1   0   1   0   0   1   0   1   1   0   1   0   1   0   0   0   0
 45   0   0   0   0   0   0   0   0   0   0   0   0   0   0   0   0   0   1   0   1   1   1   1   0   0   0   0   1   1   1   0   1   0   0   1   0   0   1
 46   0   0   0   0   0   0   0   0   0   0   0   0   0   0   0   0   0   0   0   0   1   1   0   0   0   1   1   1   0   0   1   1   1   1   0   1   0   0
 47   0   0   0   0   0   0   0   0   0   0   0   0   0   0   0   0   0   0   0   0   1   0   1   1   0   1   1   1   0   1   0   0   1   1   0   1   0   0
 48   0   0   0   0   0   0   0   0   0   0   0   0   0   0   0   0   0   0   1   0   0   1   0   1   0   1   0   1   1   1   1   1   1   0   0   1   1   0
 49   0   0   0   0   0   0   0   0   0   0   0   0   0   0   0   0   0   1   1   0   0   0   0   1   0   1   1   1   1   1   1   1   1   0   1   1   1   1
 50   0   0   0   0   0   0   0   0   0   0   0   0   0   0   0   0   0   0   0   0   1   1   0   0   1   1   1   1   1   0   0   1   0   1   0   1   1   1
 51   0   0   0   0   0   0   0   0   0   0   0   0   0   0   0   0   0   0   0   1   0   1   1   1   0   1   0   0   1   0   1   1   1   1   1   0   0   1
 52   0   0   0   0   0   0   0   0   0   0   0   0   0   0   0   0   0   0   1   0   1   0   1   1   0   0   1   0   1   0   1   0   0   0   1   1   1   1 ;

# Source qualities/terminal quality upper bounds
table q(i,k)
          1       2       3       4       5       6       7       8       9      10      11      12      13      14      15      16      17      18      19      20      21      22      23      24      25      26      27      28      29      30      31      32      33      34
  1   65.89    3.16   63.75   69.38   73.11   75.98   26.32   10.24   46.66   77.22    1.96   22.86    4.70    2.77   79.44   77.13   46.30  -65.89   -3.16  -63.75  -69.38  -73.11  -75.98  -26.32  -10.24  -46.66  -77.22   -1.96  -22.86   -4.70   -2.77  -79.44  -77.13  -46.30
  2   13.96   27.23   15.63    4.65   66.69    8.65   58.37   73.81    7.34   50.60   20.84    3.76   25.11   55.44   38.82   44.16   65.30  -13.96  -27.23  -15.63   -4.65  -66.69   -8.65  -58.37  -73.81   -7.34  -50.60  -20.84   -3.76  -25.11  -55.44  -38.82  -44.16  -65.30
  3   37.77   42.13   79.13   29.39   23.26   33.79   74.02    0.08   37.22   78.61   33.42   61.88   19.52   58.97   42.24    7.93   35.07  -37.77  -42.13  -79.13  -29.39  -23.26  -33.79  -74.02   -0.08  -37.22  -78.61  -33.42  -61.88  -19.52  -58.97  -42.24   -7.93  -35.07
  4   24.42    3.78    2.32    1.24   62.62   46.08   75.44    1.84   42.31   10.57   20.20   71.67   44.96   40.90   63.45   43.99    1.97  -24.42   -3.78   -2.32   -1.24  -62.62  -46.08  -75.44   -1.84  -42.31  -10.57  -20.20  -71.67  -44.96  -40.90  -63.45  -43.99   -1.97
  5   59.29    4.24   78.83   32.64   40.30   35.85   12.29   29.04   24.22   57.97    2.93   42.06   15.10   59.55   51.86   26.98   70.39  -59.29   -4.24  -78.83  -32.64  -40.30  -35.85  -12.29  -29.04  -24.22  -57.97   -2.93  -42.06  -15.10  -59.55  -51.86  -26.98  -70.39
  6   30.49   47.99   73.43   23.76   62.88    3.13   53.95   50.62   53.87   74.29    8.31   53.78   43.94   40.52   58.55   67.71   43.98  -30.49  -47.99  -73.43  -23.76  -62.88   -3.13  -53.95  -50.62  -53.87  -74.29   -8.31  -53.78  -43.94  -40.52  -58.55  -67.71  -43.98
  7   21.45   76.22   32.19    6.46   25.03   62.78   56.65    8.83   38.29   72.06   35.42   29.57   29.74   27.50   60.13   78.95   33.84  -21.45  -76.22  -32.19   -6.46  -25.03  -62.78  -56.65   -8.83  -38.29  -72.06  -35.42  -29.57  -29.74  -27.50  -60.13  -78.95  -33.84
  8   63.98   12.71    9.43   11.29   25.26   40.78   66.50   15.08   52.10   53.89    4.18    8.45   57.12   36.50   35.23    0.48   41.84  -63.98  -12.71   -9.43  -11.29  -25.26  -40.78  -66.50  -15.08  -52.10  -53.89   -4.18   -8.45  -57.12  -36.50  -35.23   -0.48  -41.84
  9   61.47   10.25   27.95    4.67   60.51   60.76   54.33    1.01   28.83   76.83   50.47   45.36   56.03   40.87   35.40   58.37   20.13  -61.47  -10.25  -27.95   -4.67  -60.51  -60.76  -54.33   -1.01  -28.83  -76.83  -50.47  -45.36  -56.03  -40.87  -35.40  -58.37  -20.13
 10    6.54   74.24   58.79   75.32   37.98   34.68   31.84   74.41   14.29   51.15   73.42   66.19   41.04   30.04   27.78   55.44   22.54   -6.54  -74.24  -58.79  -75.32  -37.98  -34.68  -31.84  -74.41  -14.29  -51.15  -73.42  -66.19  -41.04  -30.04  -27.78  -55.44  -22.54
 11   39.68    7.68   14.31   21.88   52.20   28.55   20.57    0.12   61.71    6.47   67.31   10.76   54.37    3.65   25.78   22.99   44.60  -39.68   -7.68  -14.31  -21.88  -52.20  -28.55  -20.57   -0.12  -61.71   -6.47  -67.31  -10.76  -54.37   -3.65  -25.78  -22.99  -44.60
 12    3.46   17.56   28.75   29.47   20.49   20.99   69.17   57.53   31.44   62.87   49.57   41.85   14.19   18.86   36.47   50.56   57.58   -3.46  -17.56  -28.75  -29.47  -20.49  -20.99  -69.17  -57.53  -31.44  -62.87  -49.57  -41.85  -14.19  -18.86  -36.47  -50.56  -57.58
 13   20.16    0.91   16.86   21.12   41.55   10.40   77.33   57.42   54.68   35.74   39.87   29.62   64.65   50.92   47.20   60.65   28.16  -20.16   -0.91  -16.86  -21.12  -41.55  -10.40  -77.33  -57.42  -54.68  -35.74  -39.87  -29.62  -64.65  -50.92  -47.20  -60.65  -28.16
 14   66.16   37.49   71.52   43.61   30.80    9.41    3.94   41.76   57.95    7.19   11.79    7.45   64.15   62.22   10.44   55.32   31.11  -66.16  -37.49  -71.52  -43.61  -30.80   -9.41   -3.94  -41.76  -57.95   -7.19  -11.79   -7.45  -64.15  -62.22  -10.44  -55.32  -31.11
 15   27.54   48.79   56.02   13.21    1.83   62.39    2.28   62.16   79.93   16.44   61.32   52.15   60.80   23.08   69.89   76.11   43.38  -27.54  -48.79  -56.02  -13.21   -1.83  -62.39   -2.28  -62.16  -79.93  -16.44  -61.32  -52.15  -60.80  -23.08  -69.89  -76.11  -43.38
 16   19.70   69.96   20.89   12.92   35.87   17.40   51.57    7.83   18.42   32.94   38.11   61.32   42.95    0.28   79.64   47.19   20.04  -19.70  -69.96  -20.89  -12.92  -35.87  -17.40  -51.57   -7.83  -18.42  -32.94  -38.11  -61.32  -42.95   -0.28  -79.64  -47.19  -20.04
 17   30.75    1.54   78.73    2.97   76.16   37.46    2.00   30.09   15.75   64.77   13.74   66.56   28.97   60.02   42.45   79.74   60.49  -30.75   -1.54  -78.73   -2.97  -76.16  -37.46   -2.00  -30.09  -15.75  -64.77  -13.74  -66.56  -28.97  -60.02  -42.45  -79.74  -60.49
 18   23.83   14.00   10.49    0.45   78.62   56.15   63.36   19.75   53.11   47.25   35.57   63.38    2.15   71.10   54.30   25.86   78.89  -23.83  -14.00  -10.49   -0.45  -78.62  -56.15  -63.36  -19.75  -53.11  -47.25  -35.57  -63.38   -2.15  -71.10  -54.30  -25.86  -78.89
 19    3.15   40.71   29.26   47.40   22.52   65.56   20.73   30.09   33.79   14.53   13.05   77.16    3.73   42.72   64.93   19.95   37.94   -3.15  -40.71  -29.26  -47.40  -22.52  -65.56  -20.73  -30.09  -33.79  -14.53  -13.05  -77.16   -3.73  -42.72  -64.93  -19.95  -37.94
 20   78.35   60.95   59.94   24.22   59.49   13.16   28.22   73.95    8.42   42.04   42.77   34.50   32.27   27.11   72.67   18.32   42.53  -78.35  -60.95  -59.94  -24.22  -59.49  -13.16  -28.22  -73.95   -8.42  -42.04  -42.77  -34.50  -32.27  -27.11  -72.67  -18.32  -42.53
 21   53.05   48.58    5.59   17.98   70.82   19.89   11.91   75.39   65.63   72.20   12.21   70.39   40.41   49.10   32.98    9.15   18.22  -53.05  -48.58   -5.59  -17.98  -70.82  -19.89  -11.91  -75.39  -65.63  -72.20  -12.21  -70.39  -40.41  -49.10  -32.98   -9.15  -18.22
 22   14.21   41.97   63.25   39.06   29.20   25.80   50.06   20.48   79.34   79.27   44.12   39.81   58.01   36.27   48.91   75.70   36.27  -14.21  -41.97  -63.25  -39.06  -29.20  -25.80  -50.06  -20.48  -79.34  -79.27  -44.12  -39.81  -58.01  -36.27  -48.91  -75.70  -36.27
 23   10.67    1.41   22.94   24.01   40.25   52.64   57.14   68.16   69.97    7.23   31.16    4.54   77.98   66.30   77.28   18.44   44.44  -10.67   -1.41  -22.94  -24.01  -40.25  -52.64  -57.14  -68.16  -69.97   -7.23  -31.16   -4.54  -77.98  -66.30  -77.28  -18.44  -44.44
 24   22.40   55.27   11.26   47.54   19.09   64.12   53.98   19.68   15.47    4.30   71.75   22.52   44.92   26.73   47.56    9.32   15.61  -22.40  -55.27  -11.26  -47.54  -19.09  -64.12  -53.98  -19.68  -15.47   -4.30  -71.75  -22.52  -44.92  -26.73  -47.56   -9.32  -15.61
 25   68.45   58.15    4.01   27.89   32.55   44.60   76.55   50.29   29.75   77.14   34.15    4.37   51.88   23.79   28.08   11.65   34.45  -68.45  -58.15   -4.01  -27.89  -32.55  -44.60  -76.55  -50.29  -29.75  -77.14  -34.15   -4.37  -51.88  -23.79  -28.08  -11.65  -34.45
 26   62.07   68.24   18.45   70.41   28.97   47.23   71.16   52.92   16.78    4.79   34.06   68.36   39.80   11.10   40.45   76.78   72.13  -62.07  -68.24  -18.45  -70.41  -28.97  -47.23  -71.16  -52.92  -16.78   -4.79  -34.06  -68.36  -39.80  -11.10  -40.45  -76.78  -72.13
 27   47.55   76.63   15.53   21.21   28.23   16.97   39.86   49.89   40.86   69.29   14.05   46.65   16.11   36.02   58.54   65.08   59.43  -47.55  -76.63  -15.53  -21.21  -28.23  -16.97  -39.86  -49.89  -40.86  -69.29  -14.05  -46.65  -16.11  -36.02  -58.54  -65.08  -59.43
 28    2.68   56.31   67.95   74.47   76.84   28.68   36.76   65.91   54.85   33.33    4.42   78.39   38.27   10.72   18.37   34.44   16.82   -2.68  -56.31  -67.95  -74.47  -76.84  -28.68  -36.76  -65.91  -54.85  -33.33   -4.42  -78.39  -38.27  -10.72  -18.37  -34.44  -16.82
 29   29.22   66.60   76.49   50.45   60.70   42.74   55.46   41.45   10.20   55.11   12.96    2.07   64.72   23.24   27.14   77.88   42.29  -29.22  -66.60  -76.49  -50.45  -60.70  -42.74  -55.46  -41.45  -10.20  -55.11  -12.96   -2.07  -64.72  -23.24  -27.14  -77.88  -42.29
 30   62.45   78.03   78.44   65.35   41.10   40.64   20.37   29.29   35.95   30.39   63.98   13.16   40.66   41.61   30.28   53.46   32.50  -62.45  -78.03  -78.44  -65.35  -41.10  -40.64  -20.37  -29.29  -35.95  -30.39  -63.98  -13.16  -40.66  -41.61  -30.28  -53.46  -32.50
 31    5.46    3.06   32.90   27.72   77.23   41.54    3.86   70.65   67.72   56.91    3.05   42.87   18.14   14.56   52.94   23.64   40.56   -5.46   -3.06  -32.90  -27.72  -77.23  -41.54   -3.86  -70.65  -67.72  -56.91   -3.05  -42.87  -18.14  -14.56  -52.94  -23.64  -40.56
 32   79.37   29.16   20.20   76.65   60.46    9.80   76.49   76.12   43.00   45.46   23.34    7.60   36.97   38.72   13.22    8.44   17.41  -79.37  -29.16  -20.20  -76.65  -60.46   -9.80  -76.49  -76.12  -43.00  -45.46  -23.34   -7.60  -36.97  -38.72  -13.22   -8.44  -17.41
 33   26.02   74.40   55.37   19.21    4.86   45.24    6.76   55.08   45.57   18.03   20.17   13.23   34.09   79.55   11.81   75.54   22.13  -26.02  -74.40  -55.37  -19.21   -4.86  -45.24   -6.76  -55.08  -45.57  -18.03  -20.17  -13.23  -34.09  -79.55  -11.81  -75.54  -22.13
 34   71.12   19.51   46.83   31.84   15.36   16.54   57.01   77.38   60.69   14.81   21.95   16.48   50.45    3.54   25.32   67.60    5.68  -71.12  -19.51  -46.83  -31.84  -15.36  -16.54  -57.01  -77.38  -60.69  -14.81  -21.95  -16.48  -50.45   -3.54  -25.32  -67.60   -5.68
 35    0.98   44.56   25.22   33.68   75.26   33.16    6.98   15.06   36.24   42.85   46.48   57.43    8.77   68.25   66.86   13.45   61.81   -0.98  -44.56  -25.22  -33.68  -75.26  -33.16   -6.98  -15.06  -36.24  -42.85  -46.48  -57.43   -8.77  -68.25  -66.86  -13.45  -61.81
 53   87.48   76.30   90.78   57.42   62.21   43.64   84.29   79.76   87.61   36.27   79.76   57.61   38.07   38.72   89.59   83.38   23.16   -5.24   -9.98   -6.03   -3.91  -14.37  -17.13  -11.68  -11.46  -18.82   -6.56   -0.84   -2.08  -11.15  -13.44   -5.95   -5.81   -0.62
 54   85.84   74.89   36.87   25.85   42.37   20.16   51.28   85.02   65.33   78.07   70.51   32.84   69.90   72.31   39.46   49.55   44.42  -15.37  -15.33  -11.99  -13.06   -4.23   -9.38  -13.26   -8.03  -14.03  -12.89   -8.72   -3.71  -13.24  -18.90  -14.06  -11.18   -4.17
 55   34.79   44.03   90.04   91.06   49.85   44.09   56.45   48.26   97.78   41.66   90.91   44.92   68.31   91.66   62.06   51.00   80.36  -11.74   -5.18   -1.77   -5.35   -6.30  -13.47   -6.17  -14.75   -6.00   -3.37   -8.40   -5.37   -6.71   -2.40   -2.42  -15.91  -11.73
 56   98.07   23.30   91.71   63.49   20.06   81.67   91.96   72.08   27.21   91.21   84.67   32.62   29.19   98.95   21.09   63.73   31.88  -12.22   -2.06   -0.95   -2.84   -5.81  -18.37   -0.24   -4.08   -4.54  -19.28  -16.24  -12.83   -3.21  -18.53  -15.07   -1.58   -7.88
 57   73.75   97.61   67.34   80.20   37.09   54.01   36.32   29.52   71.33   38.73   61.31   25.82   55.31   53.36   28.04   24.01   64.67   -2.20  -16.51  -15.01  -16.81  -15.23  -14.38  -19.50   -8.93  -15.91   -5.54  -13.82   -7.46  -18.68   -2.66  -15.30   -0.01   -2.47
 58   79.27   51.25   79.79   56.20   52.00   46.02   50.52   99.84   25.14   38.70   81.73   23.44   34.84   93.82   59.64   93.34   62.57   -7.54   -7.62  -15.56  -10.02   -3.64   -6.14   -7.20   -1.95   -2.98   -1.62  -15.04  -13.82   -6.97  -10.96  -14.69  -15.76  -14.02
 59   40.94   64.45   55.93   40.18   83.38   69.09   63.71   73.90   72.75   43.84   83.78   67.29   69.71   35.80   41.83   26.98   86.97  -16.50  -11.94  -19.06   -3.21  -17.67  -17.38  -12.28   -9.27  -17.27  -16.14   -0.17  -13.14   -0.04  -14.87   -1.18  -19.91   -5.66
 60   47.36   83.05   46.32   48.80   67.92   69.87   31.95   80.33   95.06   70.30   37.64   54.07   86.13   89.11   91.72   41.70   68.09   -4.63   -3.83  -11.41   -7.81   -3.81   -8.62   -9.61   -4.10  -17.71  -10.98  -16.57   -9.14  -12.84  -13.08  -19.16   -9.91   -5.89
 61   54.71   41.48   34.12   95.04   20.06   27.38   23.93   22.68   94.64   35.40   33.87   80.57   33.35   97.60   36.01   53.19   47.08  -18.83   -9.39  -14.59  -14.52   -8.91  -13.55  -13.78  -14.37  -12.67   -9.74  -18.56   -2.01  -13.21  -13.86  -18.85  -14.55  -13.88
 62   35.61   53.97   45.46   57.93   50.88   81.17   76.34   72.79   59.63   27.67   75.21   53.59   32.40   27.19   59.02   66.19   51.72   -8.74  -15.63  -14.94   -0.38  -19.33   -3.30   -7.65  -16.78  -17.19   -7.17  -18.25  -18.49  -15.86   -2.67  -13.89   -4.81  -13.92
 63   31.92   68.08   87.46   31.98   49.02   85.71   38.64   38.52   99.09   67.69   39.76   47.53   89.69   56.92   95.08   51.53   57.92   -6.25   -0.81  -11.44   -6.65   -6.16   -2.94   -4.08  -18.60  -18.11   -6.35   -2.07   -7.62   -5.72  -16.02  -11.28  -12.06  -17.52
 64   43.41   21.87   48.15   23.95   88.36   88.22   84.21   67.34   73.41   80.15   33.94   20.20   41.34   31.26   65.22   73.61   37.08  -18.24   -2.49   -5.96   -5.92  -18.03   -2.04   -4.58   -4.59  -11.88  -10.13   -3.46  -18.39  -19.55   -5.57   -7.23  -16.05   -3.67
 65   41.94   84.37   99.79   58.04   98.92   45.83   41.49   37.86   75.41   24.85   48.62   60.87   28.63   78.33   82.08   54.83   82.93   -0.66  -18.13   -5.33   -2.66   -2.19  -14.99   -0.48   -3.81   -2.12  -17.22   -3.08  -11.98   -1.22   -1.46  -12.65   -1.84   -8.70
 66   61.09   44.77   23.68   27.53   83.39   44.84   80.42   68.07   73.39   66.58   32.79   97.73   48.48   78.63   83.97   29.02   68.37   -2.84   -9.32  -13.04   -8.50  -14.52   -4.95  -18.42   -6.99   -7.26  -14.88  -13.59  -15.31   -9.90  -11.62   -4.45   -2.87  -19.21
 67   99.37   49.54   91.38   85.48   56.21   64.95   96.81   32.71   84.95   21.32   78.70   44.68   39.12   66.87   34.53   44.05   56.42   -4.87  -10.47  -13.22   -5.40  -15.71  -19.78  -12.85  -14.85   -2.81   -4.41   -3.19   -2.21  -17.75  -17.50   -0.15   -7.24   -6.18
 68   46.61   76.45   93.50   54.45   72.36   84.24   86.55   92.02   79.87   80.62   42.23   82.37   31.55   90.76   73.60   45.16   45.79  -18.35   -1.47   -1.89  -10.26  -17.17  -12.94  -17.05   -2.15   -0.99   -9.52   -7.57   -2.97  -10.25  -19.70   -3.55  -18.18  -16.58
 69   76.64   75.34   72.97   90.72   47.63   98.00   63.79   57.65   61.70   45.81   63.36   64.94   57.65   29.74   60.75   63.05   28.24  -10.96  -16.30  -19.65   -4.96  -15.11  -19.97  -13.72  -14.49   -4.44   -5.52  -19.58   -3.53   -8.64   -9.99  -16.65  -17.51  -18.08
 70   51.16   50.62   57.88   61.34   24.30   98.02   30.92   44.03   33.73   33.53   73.94   39.35   89.37   20.75   66.80   63.57   74.23  -11.50   -4.14  -15.21   -7.71   -3.49  -10.63   -6.79  -18.70   -9.91  -11.98   -0.49   -7.37  -18.45   -8.18  -12.68   -6.73  -19.42
 71   85.71   52.31   60.19   65.41   23.63   39.22   77.16   36.05   65.09   99.63   42.66   85.77   70.19   98.09   48.00   69.61   39.56   -5.30  -18.42  -19.31  -13.47  -18.46   -6.35  -16.57  -18.28   -3.92   -7.48  -14.35   -0.69  -18.11   -4.35   -1.29  -10.51  -13.88
 72   47.07   72.73   34.31   96.84   66.89   44.55   39.44   35.51   50.01   37.39   73.92   76.87   53.49   44.31   33.36   96.24   22.57  -12.87  -14.79   -2.40  -19.30  -10.26  -10.38   -3.78   -3.18  -18.18  -15.44  -16.37  -19.65   -1.09   -9.93   -3.83  -18.05   -7.89
 73   53.56   96.70   95.87   30.13   66.88   71.59   69.07   56.50   37.88   26.57   78.21   21.45   28.47   75.34   65.00   53.19   23.71  -15.57   -4.59  -15.55   -4.32   -5.46  -12.11  -10.69  -18.60   -8.06  -18.13   -2.52   -1.44   -9.65  -12.51   -1.31  -11.43  -16.31 ;

# Node capacity lower bound
parameter bl(i) /  1     0.00
                   2     0.00
                   3     0.00
                   4     0.00
                   5     0.00
                   6     0.00
                   7     0.00
                   8     0.00
                   9     0.00
                  10     0.00
                  11     0.00
                  12     0.00
                  13     0.00
                  14     0.00
                  15     0.00
                  16     0.00
                  17     0.00
                  18     0.00
                  19     0.00
                  20     0.00
                  21     0.00
                  22     0.00
                  23     0.00
                  24     0.00
                  25     0.00
                  26     0.00
                  27     0.00
                  28     0.00
                  29     0.00
                  30     0.00
                  31     0.00
                  32     0.00
                  33     0.00
                  34     0.00
                  35     0.00
                  53     0.00
                  54     0.00
                  55     0.00
                  56     0.00
                  57     0.00
                  58     0.00
                  59     0.00
                  60     0.00
                  61     0.00
                  62     0.00
                  63     0.00
                  64     0.00
                  65     0.00
                  66     0.00
                  67     0.00
                  68     0.00
                  69     0.00
                  70     0.00
                  71     0.00
                  72     0.00
                  73     0.00 / ;

# Node capacity upper bound
parameter bu(i) /  1    76.00
                   2   294.00
                   3    92.00
                   4   201.00
                   5   243.00
                   6    57.00
                   7    61.00
                   8   257.00
                   9   135.00
                  10   247.00
                  11    92.00
                  12   191.00
                  13   237.00
                  14   238.00
                  15   111.00
                  16   261.00
                  17    68.00
                  18    48.00
                  19    30.00
                  20   201.00
                  21    48.00
                  22   248.00
                  23   152.00
                  24   143.00
                  25   127.00
                  26   130.00
                  27   103.00
                  28   275.00
                  29    27.00
                  30   158.00
                  31   152.00
                  32    10.00
                  33   112.00
                  34   118.00
                  35    96.00
                  36    90.00
                  37   113.00
                  38   195.00
                  39   186.00
                  40    67.00
                  41   197.00
                  42    52.00
                  43   185.00
                  44    94.00
                  45   174.00
                  46    79.00
                  47   103.00
                  48   148.00
                  49    82.00
                  50    57.00
                  51   153.00
                  52   105.00
                  53   201.00
                  54   148.00
                  55   298.00
                  56    87.00
                  57    64.00
                  58    74.00
                  59   279.00
                  60   148.00
                  61   144.00
                  62   205.00
                  63   184.00
                  64   291.00
                  65   143.00
                  66   125.00
                  67    37.00
                  68    49.00
                  69   276.00
                  70    19.00
                  71   154.00
                  72    39.00
                  73    46.00 / ;

$include xmodel.gms