$ontext
    sppB5 pooling problem data.
    Author: Mohammed Alfaki, Wed Nov  9 15:36:08 2011
$offtext

$eolcom #

# Declare sets
    set i    / 1*73 /;
    set s(i) / 1*35 /;
    set t(i) /53*73 /;
    set k    / 1*34 /;

alias (i,j);

# The arc unit cost c_{ij}
table c(i,j)
         36      37      38      39      40      41      42      43      44      45      46      47      48      49      50      51      52      53      54      55      56      57      58      59      60      61      62      63      64      65      66      67      68      69      70      71      72      73
  1   12.00   12.00   12.00    0.00   12.00   12.00   12.00    0.00   12.00   12.00   12.00    0.00    0.00   12.00   12.00    0.00   12.00    0.00    0.00    0.00    0.00    0.00  -32.00    0.00    0.00  -28.00    0.00    0.00    0.00  -38.00    0.00    0.00  -35.00    0.00    0.00    0.00    0.00    0.00
  2   45.00   45.00   45.00    0.00   45.00   45.00   45.00   45.00   45.00   45.00    0.00    0.00   45.00   45.00   45.00   45.00   45.00    0.00   -1.00    2.00    0.00    4.00    0.00    0.00    0.00    0.00    5.00    0.00    0.00    0.00   -2.00    0.00   -2.00    0.00    0.00    5.00    0.00   -1.00
  3    0.00    0.00   33.00   33.00    0.00   33.00   33.00   33.00   33.00   33.00   33.00   33.00   33.00   33.00   33.00   33.00   33.00  -10.00    0.00  -10.00   -7.00   -8.00    0.00  -14.00  -14.00    0.00   -7.00   -7.00    0.00    0.00  -14.00  -12.00    0.00    0.00    0.00   -7.00    0.00  -13.00
  4   19.00   19.00    0.00   19.00   19.00   19.00   19.00   19.00   19.00   19.00   19.00    0.00    0.00   19.00   19.00   19.00   19.00  -24.00  -27.00    0.00    0.00    0.00  -25.00    0.00  -28.00    0.00  -21.00    0.00    0.00    0.00  -28.00  -26.00  -28.00    0.00    0.00  -21.00  -30.00  -27.00
  5   26.00   26.00   26.00   26.00    0.00   26.00   26.00   26.00   26.00   26.00   26.00   26.00   26.00    0.00   26.00   26.00   26.00    0.00    0.00    0.00  -14.00  -15.00    0.00  -21.00    0.00    0.00    0.00    0.00    0.00  -24.00  -21.00  -19.00  -21.00    0.00    0.00  -14.00  -23.00  -20.00
  6   17.00   17.00   17.00    0.00   17.00   17.00   17.00   17.00    0.00   17.00    0.00   17.00   17.00   17.00    0.00   17.00   17.00    0.00    0.00    0.00  -23.00  -24.00  -27.00    0.00    0.00    0.00    0.00    0.00    0.00    0.00    0.00    0.00  -30.00    0.00    0.00  -23.00    0.00    0.00
  7   16.00    0.00   16.00   16.00   16.00   16.00    0.00   16.00    0.00   16.00   16.00   16.00   16.00   16.00   16.00   16.00   16.00    0.00    0.00    0.00    0.00  -25.00    0.00  -31.00    0.00    0.00    0.00  -24.00    0.00    0.00    0.00  -29.00    0.00  -31.00    0.00    0.00  -33.00  -30.00
  8   42.00   42.00    0.00   42.00    0.00   42.00   42.00   42.00   42.00   42.00   42.00    0.00   42.00   42.00   42.00   42.00   42.00    0.00   -4.00   -1.00    0.00    1.00    0.00   -5.00    0.00    0.00    2.00    2.00    0.00   -8.00    0.00    0.00    0.00    0.00    0.00    0.00    0.00    0.00
  9    0.00    0.00   41.00   41.00   41.00   41.00   41.00   41.00   41.00   41.00   41.00    0.00   41.00   41.00   41.00   41.00    0.00   -2.00    0.00   -2.00    0.00    0.00   -3.00    0.00    0.00    0.00    0.00    0.00    0.00    0.00    0.00    0.00    0.00    0.00    0.00    1.00   -8.00   -5.00
 10    0.00   46.00    0.00   46.00   46.00    0.00   46.00   46.00    0.00   46.00    0.00   46.00   46.00   46.00   46.00   46.00   46.00    0.00    0.00    0.00    0.00    0.00    0.00   -1.00    0.00    0.00    0.00    0.00    0.00    0.00    0.00    0.00   -1.00   -1.00    0.00    0.00    0.00    0.00
 11   39.00    0.00    0.00   39.00    0.00   39.00   39.00   39.00   39.00   39.00    0.00   39.00    0.00   39.00   39.00   39.00   39.00    0.00   -7.00    0.00    0.00   -2.00    0.00    0.00    0.00    0.00    0.00   -1.00    0.00  -11.00    0.00    0.00   -8.00    0.00    0.00    0.00  -10.00   -7.00
 12    0.00   16.00    0.00   16.00   16.00   16.00   16.00   16.00    0.00   16.00   16.00   16.00   16.00   16.00    0.00    0.00    0.00  -27.00    0.00    0.00    0.00    0.00  -28.00  -31.00  -31.00  -24.00    0.00    0.00  -34.00    0.00  -31.00    0.00    0.00  -31.00    0.00    0.00  -33.00    0.00
 13   44.00    0.00   44.00   44.00   44.00    0.00    0.00   44.00   44.00   44.00   44.00   44.00   44.00    0.00    0.00   44.00   44.00    1.00    0.00    1.00    0.00    0.00    0.00    0.00   -3.00    4.00    0.00    0.00   -6.00    0.00    0.00    0.00    0.00   -3.00    0.00    4.00   -5.00    0.00
 14   39.00   39.00   39.00   39.00   39.00   39.00   39.00   39.00   39.00   39.00   39.00    0.00   39.00   39.00   39.00   39.00   39.00    0.00   -7.00    0.00    0.00   -2.00   -5.00    0.00    0.00    0.00    0.00    0.00    0.00    0.00    0.00   -6.00    0.00   -8.00   -3.00    0.00  -10.00    0.00
 15   36.00   36.00   36.00   36.00   36.00   36.00   36.00    0.00   36.00   36.00   36.00   36.00   36.00   36.00    0.00   36.00    0.00   -7.00    0.00    0.00   -4.00    0.00    0.00    0.00  -11.00    0.00   -4.00    0.00    0.00    0.00    0.00    0.00  -11.00  -11.00    0.00    0.00  -13.00  -10.00
 16   11.00    0.00   11.00   11.00   11.00   11.00   11.00   11.00   11.00   11.00   11.00   11.00    0.00   11.00   11.00   11.00    0.00    0.00  -35.00  -32.00    0.00    0.00    0.00    0.00  -36.00    0.00    0.00    0.00    0.00    0.00  -36.00    0.00  -36.00  -36.00    0.00    0.00    0.00    0.00
 17    0.00   41.00   41.00    0.00   41.00   41.00   41.00    0.00    0.00   41.00   41.00   41.00    0.00   41.00   41.00   41.00    0.00   -2.00    0.00    0.00    1.00    0.00    0.00    0.00    0.00    0.00    0.00    0.00    0.00   -9.00   -6.00   -4.00    0.00   -6.00    0.00    0.00   -8.00    0.00
 18   12.00   12.00   12.00   12.00   12.00   12.00   12.00   12.00   12.00   12.00   12.00    0.00   12.00   12.00   12.00   12.00   12.00    0.00  -34.00    0.00  -28.00  -29.00  -32.00    0.00    0.00    0.00  -28.00    0.00  -38.00    0.00  -35.00    0.00  -35.00  -35.00  -30.00    0.00  -37.00    0.00
 19   36.00   36.00   36.00   36.00    0.00   36.00   36.00   36.00   36.00   36.00    0.00    0.00   36.00   36.00    0.00   36.00   36.00   -7.00    0.00    0.00    0.00    0.00   -8.00  -11.00    0.00   -4.00    0.00    0.00    0.00  -14.00    0.00   -9.00  -11.00    0.00    0.00   -4.00    0.00  -10.00
 20   13.00   13.00    0.00   13.00   13.00   13.00   13.00   13.00   13.00   13.00   13.00   13.00   13.00    0.00   13.00   13.00   13.00    0.00  -33.00    0.00    0.00  -28.00  -31.00  -34.00    0.00  -27.00    0.00  -27.00  -37.00  -37.00    0.00    0.00  -34.00    0.00  -29.00    0.00    0.00    0.00
 21   37.00    0.00   37.00   37.00   37.00   37.00   37.00   37.00   37.00   37.00   37.00   37.00    0.00    0.00   37.00   37.00   37.00    0.00    0.00   -6.00    0.00    0.00    0.00    0.00  -10.00   -3.00    0.00    0.00    0.00    0.00  -10.00   -8.00    0.00    0.00   -5.00    0.00    0.00    0.00
 22   15.00   15.00   15.00   15.00    0.00   15.00   15.00   15.00   15.00    0.00   15.00   15.00   15.00   15.00   15.00   15.00   15.00  -28.00    0.00    0.00  -25.00  -26.00    0.00    0.00    0.00  -25.00    0.00  -25.00    0.00    0.00    0.00    0.00  -32.00    0.00  -27.00  -25.00    0.00    0.00
 23   24.00   24.00   24.00   24.00   24.00    0.00   24.00   24.00   24.00   24.00   24.00   24.00    0.00    0.00   24.00    0.00   24.00  -19.00  -22.00  -19.00    0.00    0.00  -20.00    0.00    0.00    0.00  -16.00  -16.00  -26.00    0.00  -23.00    0.00    0.00  -23.00    0.00    0.00    0.00  -22.00
 24   10.00   10.00   10.00   10.00    0.00    0.00   10.00   10.00   10.00    0.00   10.00    0.00   10.00   10.00    0.00   10.00   10.00  -33.00  -36.00    0.00  -30.00  -31.00    0.00    0.00  -37.00  -30.00  -30.00    0.00  -40.00    0.00  -37.00    0.00  -37.00    0.00    0.00  -30.00    0.00    0.00
 25   28.00   28.00   28.00   28.00   28.00   28.00    0.00   28.00    0.00   28.00   28.00   28.00    0.00   28.00   28.00   28.00    0.00    0.00  -18.00  -15.00    0.00  -13.00    0.00    0.00  -19.00  -12.00    0.00    0.00  -22.00    0.00    0.00  -17.00  -19.00  -19.00    0.00    0.00  -21.00  -18.00
 26   22.00   22.00    0.00   22.00   22.00   22.00   22.00   22.00   22.00   22.00    0.00   22.00   22.00    0.00   22.00   22.00   22.00  -21.00    0.00    0.00    0.00    0.00    0.00  -25.00  -25.00    0.00    0.00  -18.00    0.00  -28.00  -25.00  -23.00    0.00    0.00    0.00  -18.00  -27.00    0.00
 27   43.00   43.00   43.00   43.00   43.00   43.00   43.00   43.00   43.00    0.00   43.00   43.00    0.00   43.00   43.00   43.00    0.00    0.00    0.00    0.00    0.00    2.00    0.00    0.00    0.00    3.00    0.00    0.00    0.00    0.00    0.00   -2.00    0.00    0.00    0.00    3.00    0.00    0.00
 28   11.00   11.00   11.00   11.00   11.00   11.00   11.00    0.00    0.00   11.00   11.00   11.00   11.00   11.00   11.00   11.00   11.00    0.00    0.00  -32.00    0.00    0.00    0.00    0.00  -36.00    0.00  -29.00  -29.00    0.00  -39.00  -36.00  -34.00  -36.00    0.00    0.00    0.00  -38.00  -35.00
 29   26.00   26.00   26.00    0.00   26.00   26.00   26.00   26.00    0.00   26.00   26.00   26.00    0.00   26.00   26.00   26.00   26.00  -17.00    0.00  -17.00    0.00    0.00    0.00  -21.00    0.00    0.00    0.00    0.00    0.00    0.00  -21.00  -19.00    0.00  -21.00  -16.00    0.00  -23.00    0.00
 30   49.00   49.00   49.00   49.00   49.00   49.00   49.00   49.00   49.00   49.00    0.00   49.00   49.00   49.00   49.00   49.00   49.00    0.00    0.00    0.00    0.00    8.00    0.00    0.00    0.00    9.00    9.00    9.00   -1.00   -1.00    2.00    0.00    0.00    0.00    0.00    0.00    0.00    0.00
 31   12.00   12.00   12.00   12.00   12.00   12.00   12.00   12.00    0.00    0.00   12.00   12.00   12.00    0.00   12.00   12.00   12.00  -31.00  -34.00  -31.00  -28.00    0.00    0.00    0.00    0.00    0.00  -28.00    0.00  -38.00    0.00    0.00  -33.00    0.00    0.00    0.00  -28.00  -37.00  -34.00
 32   46.00   46.00   46.00   46.00   46.00    0.00   46.00   46.00   46.00   46.00   46.00   46.00   46.00   46.00   46.00   46.00   46.00    0.00    0.00    0.00    0.00    0.00    0.00    0.00   -1.00    6.00    0.00    6.00    0.00   -4.00   -1.00    1.00   -1.00    0.00    4.00    6.00    0.00    0.00
 33   50.00   50.00   50.00   50.00   50.00    0.00   50.00    0.00    0.00   50.00   50.00   50.00   50.00   50.00   50.00   50.00   50.00    7.00    0.00    0.00    0.00    0.00    0.00    3.00    3.00    0.00    0.00   10.00    0.00    0.00    0.00    0.00    3.00    0.00    0.00   10.00    1.00    0.00
 34   17.00   17.00   17.00   17.00   17.00   17.00   17.00   17.00   17.00    0.00   17.00   17.00    0.00   17.00    0.00   17.00   17.00    0.00    0.00    0.00  -23.00  -24.00    0.00    0.00  -30.00  -23.00    0.00    0.00    0.00  -33.00    0.00    0.00  -30.00  -30.00    0.00  -23.00  -32.00  -29.00
 35    0.00    0.00    0.00   23.00   23.00   23.00   23.00   23.00   23.00   23.00   23.00   23.00   23.00   23.00   23.00   23.00   23.00  -20.00  -23.00  -20.00    0.00  -18.00  -21.00  -24.00  -24.00    0.00    0.00    0.00    0.00    0.00    0.00    0.00    0.00    0.00    0.00    0.00    0.00    0.00
 36    0.00    0.00    0.00    0.00    0.00    0.00    0.00    0.00    0.00    0.00    0.00    0.00    0.00    0.00    0.00    0.00    0.00  -43.00  -46.00  -43.00  -40.00  -41.00  -44.00  -47.00    0.00    0.00  -40.00  -40.00  -50.00  -50.00  -47.00    0.00  -47.00  -47.00  -42.00    0.00    0.00    0.00
 37    0.00    0.00    0.00    0.00    0.00    0.00    0.00    0.00    0.00    0.00    0.00    0.00    0.00    0.00    0.00    0.00    0.00  -43.00  -46.00    0.00    0.00    0.00    0.00  -47.00  -47.00  -40.00  -40.00  -40.00  -50.00  -50.00  -47.00  -45.00  -47.00    0.00    0.00  -40.00    0.00  -46.00
 38    0.00    0.00    0.00    0.00    0.00    0.00    0.00    0.00    0.00    0.00    0.00    0.00    0.00    0.00    0.00    0.00    0.00    0.00  -46.00  -43.00    0.00  -41.00  -44.00  -47.00  -47.00  -40.00    0.00  -40.00    0.00  -50.00  -47.00  -45.00  -47.00  -47.00  -42.00  -40.00  -49.00  -46.00
 39    0.00    0.00    0.00    0.00    0.00    0.00    0.00    0.00    0.00    0.00    0.00    0.00    0.00    0.00    0.00    0.00    0.00  -43.00    0.00  -43.00  -40.00    0.00  -44.00  -47.00  -47.00    0.00  -40.00    0.00    0.00  -50.00  -47.00  -45.00  -47.00  -47.00  -42.00  -40.00    0.00  -46.00
 40    0.00    0.00    0.00    0.00    0.00    0.00    0.00    0.00    0.00    0.00    0.00    0.00    0.00    0.00    0.00    0.00    0.00    0.00    0.00  -43.00  -40.00  -41.00  -44.00  -47.00  -47.00  -40.00  -40.00    0.00    0.00  -50.00  -47.00    0.00  -47.00  -47.00  -42.00    0.00  -49.00  -46.00
 41    0.00    0.00    0.00    0.00    0.00    0.00    0.00    0.00    0.00    0.00    0.00    0.00    0.00    0.00    0.00    0.00    0.00  -43.00  -46.00    0.00  -40.00  -41.00  -44.00    0.00  -47.00    0.00  -40.00  -40.00  -50.00  -50.00  -47.00  -45.00  -47.00  -47.00  -42.00  -40.00  -49.00    0.00
 42    0.00    0.00    0.00    0.00    0.00    0.00    0.00    0.00    0.00    0.00    0.00    0.00    0.00    0.00    0.00    0.00    0.00  -43.00  -46.00    0.00  -40.00  -41.00  -44.00  -47.00  -47.00    0.00  -40.00  -40.00  -50.00  -50.00  -47.00    0.00  -47.00  -47.00  -42.00  -40.00  -49.00  -46.00
 43    0.00    0.00    0.00    0.00    0.00    0.00    0.00    0.00    0.00    0.00    0.00    0.00    0.00    0.00    0.00    0.00    0.00  -43.00  -46.00  -43.00  -40.00  -41.00  -44.00  -47.00    0.00  -40.00  -40.00  -40.00  -50.00  -50.00  -47.00  -45.00  -47.00  -47.00  -42.00  -40.00  -49.00  -46.00
 44    0.00    0.00    0.00    0.00    0.00    0.00    0.00    0.00    0.00    0.00    0.00    0.00    0.00    0.00    0.00    0.00    0.00  -43.00  -46.00  -43.00  -40.00  -41.00  -44.00  -47.00  -47.00  -40.00  -40.00  -40.00  -50.00  -50.00  -47.00  -45.00    0.00  -47.00    0.00  -40.00  -49.00    0.00
 45    0.00    0.00    0.00    0.00    0.00    0.00    0.00    0.00    0.00    0.00    0.00    0.00    0.00    0.00    0.00    0.00    0.00  -43.00    0.00  -43.00  -40.00  -41.00  -44.00  -47.00  -47.00  -40.00  -40.00  -40.00    0.00    0.00  -47.00  -45.00  -47.00  -47.00  -42.00  -40.00  -49.00    0.00
 46    0.00    0.00    0.00    0.00    0.00    0.00    0.00    0.00    0.00    0.00    0.00    0.00    0.00    0.00    0.00    0.00    0.00    0.00  -46.00  -43.00  -40.00  -41.00    0.00  -47.00  -47.00  -40.00  -40.00  -40.00  -50.00  -50.00  -47.00  -45.00  -47.00  -47.00  -42.00  -40.00  -49.00    0.00
 47    0.00    0.00    0.00    0.00    0.00    0.00    0.00    0.00    0.00    0.00    0.00    0.00    0.00    0.00    0.00    0.00    0.00  -43.00    0.00  -43.00  -40.00  -41.00  -44.00  -47.00  -47.00  -40.00  -40.00  -40.00    0.00  -50.00  -47.00    0.00  -47.00  -47.00  -42.00  -40.00  -49.00  -46.00
 48    0.00    0.00    0.00    0.00    0.00    0.00    0.00    0.00    0.00    0.00    0.00    0.00    0.00    0.00    0.00    0.00    0.00  -43.00  -46.00    0.00  -40.00    0.00  -44.00  -47.00  -47.00  -40.00  -40.00  -40.00  -50.00  -50.00  -47.00    0.00    0.00  -47.00  -42.00  -40.00  -49.00  -46.00
 49    0.00    0.00    0.00    0.00    0.00    0.00    0.00    0.00    0.00    0.00    0.00    0.00    0.00    0.00    0.00    0.00    0.00  -43.00    0.00  -43.00  -40.00  -41.00  -44.00  -47.00  -47.00  -40.00    0.00    0.00  -50.00  -50.00  -47.00  -45.00  -47.00  -47.00  -42.00  -40.00    0.00  -46.00
 50    0.00    0.00    0.00    0.00    0.00    0.00    0.00    0.00    0.00    0.00    0.00    0.00    0.00    0.00    0.00    0.00    0.00  -43.00  -46.00  -43.00  -40.00  -41.00  -44.00  -47.00  -47.00  -40.00  -40.00    0.00  -50.00  -50.00  -47.00  -45.00  -47.00    0.00  -42.00  -40.00    0.00  -46.00
 51    0.00    0.00    0.00    0.00    0.00    0.00    0.00    0.00    0.00    0.00    0.00    0.00    0.00    0.00    0.00    0.00    0.00    0.00  -46.00  -43.00  -40.00    0.00    0.00  -47.00    0.00  -40.00  -40.00  -40.00    0.00  -50.00    0.00  -45.00  -47.00  -47.00  -42.00  -40.00  -49.00  -46.00
 52    0.00    0.00    0.00    0.00    0.00    0.00    0.00    0.00    0.00    0.00    0.00    0.00    0.00    0.00    0.00    0.00    0.00    0.00  -46.00  -43.00    0.00  -41.00  -44.00    0.00  -47.00  -40.00  -40.00    0.00    0.00  -50.00  -47.00    0.00  -47.00    0.00  -42.00    0.00    0.00  -46.00 ;

# The adjacency matrix (the arcs set A)
table a(i,j)
     36  37  38  39  40  41  42  43  44  45  46  47  48  49  50  51  52  53  54  55  56  57  58  59  60  61  62  63  64  65  66  67  68  69  70  71  72  73
  1   1   1   1   0   1   1   1   0   1   1   1   0   0   1   1   0   1   0   0   0   0   0   1   0   0   1   0   0   0   1   0   0   1   0   0   0   0   0
  2   1   1   1   0   1   1   1   1   1   1   0   0   1   1   1   1   1   0   1   1   0   1   0   0   0   0   1   0   0   0   1   0   1   0   0   1   0   1
  3   0   0   1   1   0   1   1   1   1   1   1   1   1   1   1   1   1   1   0   1   1   1   0   1   1   0   1   1   0   0   1   1   0   0   0   1   0   1
  4   1   1   0   1   1   1   1   1   1   1   1   0   0   1   1   1   1   1   1   0   0   0   1   0   1   0   1   0   0   0   1   1   1   0   0   1   1   1
  5   1   1   1   1   0   1   1   1   1   1   1   1   1   0   1   1   1   0   0   0   1   1   0   1   0   0   0   0   0   1   1   1   1   0   0   1   1   1
  6   1   1   1   0   1   1   1   1   0   1   0   1   1   1   0   1   1   0   0   0   1   1   1   0   0   0   0   0   0   0   0   0   1   0   0   1   0   0
  7   1   0   1   1   1   1   0   1   0   1   1   1   1   1   1   1   1   0   0   0   0   1   0   1   0   0   0   1   0   0   0   1   0   1   0   0   1   1
  8   1   1   0   1   0   1   1   1   1   1   1   0   1   1   1   1   1   0   1   1   0   1   0   1   0   0   1   1   0   1   0   0   0   0   0   0   0   0
  9   0   0   1   1   1   1   1   1   1   1   1   0   1   1   1   1   0   1   0   1   0   0   1   0   0   0   0   0   0   0   0   0   0   0   0   1   1   1
 10   0   1   0   1   1   0   1   1   0   1   0   1   1   1   1   1   1   0   0   0   0   0   0   1   0   0   0   0   0   0   0   0   1   1   0   0   0   0
 11   1   0   0   1   0   1   1   1   1   1   0   1   0   1   1   1   1   0   1   0   0   1   0   0   0   0   0   1   0   1   0   0   1   0   0   0   1   1
 12   0   1   0   1   1   1   1   1   0   1   1   1   1   1   0   0   0   1   0   0   0   0   1   1   1   1   0   0   1   0   1   0   0   1   0   0   1   0
 13   1   0   1   1   1   0   0   1   1   1   1   1   1   0   0   1   1   1   0   1   0   0   0   0   1   1   0   0   1   0   0   0   0   1   0   1   1   0
 14   1   1   1   1   1   1   1   1   1   1   1   0   1   1   1   1   1   0   1   0   0   1   1   0   0   0   0   0   0   0   0   1   0   1   1   0   1   0
 15   1   1   1   1   1   1   1   0   1   1   1   1   1   1   0   1   0   1   0   0   1   0   0   0   1   0   1   0   0   0   0   0   1   1   0   0   1   1
 16   1   0   1   1   1   1   1   1   1   1   1   1   0   1   1   1   0   0   1   1   0   0   0   0   1   0   0   0   0   0   1   0   1   1   0   0   0   0
 17   0   1   1   0   1   1   1   0   0   1   1   1   0   1   1   1   0   1   0   0   1   0   0   0   0   0   0   0   0   1   1   1   0   1   0   0   1   0
 18   1   1   1   1   1   1   1   1   1   1   1   0   1   1   1   1   1   0   1   0   1   1   1   0   0   0   1   0   1   0   1   0   1   1   1   0   1   0
 19   1   1   1   1   0   1   1   1   1   1   0   0   1   1   0   1   1   1   0   0   0   0   1   1   0   1   0   0   0   1   0   1   1   0   0   1   0   1
 20   1   1   0   1   1   1   1   1   1   1   1   1   1   0   1   1   1   0   1   0   0   1   1   1   0   1   0   1   1   1   0   0   1   0   1   0   0   0
 21   1   0   1   1   1   1   1   1   1   1   1   1   0   0   1   1   1   0   0   1   0   0   0   0   1   1   0   0   0   0   1   1   0   0   1   0   0   0
 22   1   1   1   1   0   1   1   1   1   0   1   1   1   1   1   1   1   1   0   0   1   1   0   0   0   1   0   1   0   0   0   0   1   0   1   1   0   0
 23   1   1   1   1   1   0   1   1   1   1   1   1   0   0   1   0   1   1   1   1   0   0   1   0   0   0   1   1   1   0   1   0   0   1   0   0   0   1
 24   1   1   1   1   0   0   1   1   1   0   1   0   1   1   0   1   1   1   1   0   1   1   0   0   1   1   1   0   1   0   1   0   1   0   0   1   0   0
 25   1   1   1   1   1   1   0   1   0   1   1   1   0   1   1   1   0   0   1   1   0   1   0   0   1   1   0   0   1   0   0   1   1   1   0   0   1   1
 26   1   1   0   1   1   1   1   1   1   1   0   1   1   0   1   1   1   1   0   0   0   0   0   1   1   0   0   1   0   1   1   1   0   0   0   1   1   0
 27   1   1   1   1   1   1   1   1   1   0   1   1   0   1   1   1   0   0   0   0   0   1   0   0   0   1   0   0   0   0   0   1   0   0   0   1   0   0
 28   1   1   1   1   1   1   1   0   0   1   1   1   1   1   1   1   1   0   0   1   0   0   0   0   1   0   1   1   0   1   1   1   1   0   0   0   1   1
 29   1   1   1   0   1   1   1   1   0   1   1   1   0   1   1   1   1   1   0   1   0   0   0   1   0   0   0   0   0   0   1   1   0   1   1   0   1   0
 30   1   1   1   1   1   1   1   1   1   1   0   1   1   1   1   1   1   0   0   0   0   1   0   0   0   1   1   1   1   1   1   0   0   0   0   0   0   0
 31   1   1   1   1   1   1   1   1   0   0   1   1   1   0   1   1   1   1   1   1   1   0   0   0   0   0   1   0   1   0   0   1   0   0   0   1   1   1
 32   1   1   1   1   1   0   1   1   1   1   1   1   1   1   1   1   1   0   0   0   0   0   0   0   1   1   0   1   0   1   1   1   1   0   1   1   0   0
 33   1   1   1   1   1   0   1   0   0   1   1   1   1   1   1   1   1   1   0   0   0   0   0   1   1   0   0   1   0   0   0   0   1   0   0   1   1   0
 34   1   1   1   1   1   1   1   1   1   0   1   1   0   1   0   1   1   0   0   0   1   1   0   0   1   1   0   0   0   1   0   0   1   1   0   1   1   1
 35   0   0   0   1   1   1   1   1   1   1   1   1   1   1   1   1   1   1   1   1   0   1   1   1   1   0   0   0   0   0   0   0   0   0   0   0   0   0
 36   0   0   0   0   0   0   0   0   0   0   0   0   0   0   0   0   0   1   1   1   1   1   1   1   0   0   1   1   1   1   1   0   1   1   1   0   0   0
 37   0   0   0   0   0   0   0   0   0   0   0   0   0   0   0   0   0   1   1   0   0   0   0   1   1   1   1   1   1   1   1   1   1   0   0   1   0   1
 38   0   0   0   0   0   0   0   0   0   0   0   0   0   0   0   0   0   0   1   1   0   1   1   1   1   1   0   1   0   1   1   1   1   1   1   1   1   1
 39   0   0   0   0   0   0   0   0   0   0   0   0   0   0   0   0   0   1   0   1   1   0   1   1   1   0   1   0   0   1   1   1   1   1   1   1   0   1
 40   0   0   0   0   0   0   0   0   0   0   0   0   0   0   0   0   0   0   0   1   1   1   1   1   1   1   1   0   0   1   1   0   1   1   1   0   1   1
 41   0   0   0   0   0   0   0   0   0   0   0   0   0   0   0   0   0   1   1   0   1   1   1   0   1   0   1   1   1   1   1   1   1   1   1   1   1   0
 42   0   0   0   0   0   0   0   0   0   0   0   0   0   0   0   0   0   1   1   0   1   1   1   1   1   0   1   1   1   1   1   0   1   1   1   1   1   1
 43   0   0   0   0   0   0   0   0   0   0   0   0   0   0   0   0   0   1   1   1   1   1   1   1   0   1   1   1   1   1   1   1   1   1   1   1   1   1
 44   0   0   0   0   0   0   0   0   0   0   0   0   0   0   0   0   0   1   1   1   1   1   1   1   1   1   1   1   1   1   1   1   0   1   0   1   1   0
 45   0   0   0   0   0   0   0   0   0   0   0   0   0   0   0   0   0   1   0   1   1   1   1   1   1   1   1   1   0   0   1   1   1   1   1   1   1   0
 46   0   0   0   0   0   0   0   0   0   0   0   0   0   0   0   0   0   0   1   1   1   1   0   1   1   1   1   1   1   1   1   1   1   1   1   1   1   0
 47   0   0   0   0   0   0   0   0   0   0   0   0   0   0   0   0   0   1   0   1   1   1   1   1   1   1   1   1   0   1   1   0   1   1   1   1   1   1
 48   0   0   0   0   0   0   0   0   0   0   0   0   0   0   0   0   0   1   1   0   1   0   1   1   1   1   1   1   1   1   1   0   0   1   1   1   1   1
 49   0   0   0   0   0   0   0   0   0   0   0   0   0   0   0   0   0   1   0   1   1   1   1   1   1   1   0   0   1   1   1   1   1   1   1   1   0   1
 50   0   0   0   0   0   0   0   0   0   0   0   0   0   0   0   0   0   1   1   1   1   1   1   1   1   1   1   0   1   1   1   1   1   0   1   1   0   1
 51   0   0   0   0   0   0   0   0   0   0   0   0   0   0   0   0   0   0   1   1   1   0   0   1   0   1   1   1   0   1   0   1   1   1   1   1   1   1
 52   0   0   0   0   0   0   0   0   0   0   0   0   0   0   0   0   0   0   1   1   0   1   1   0   1   1   1   0   0   1   1   0   1   0   1   0   0   1 ;

# Source qualities/terminal quality upper bounds
table q(i,k)
          1       2       3       4       5       6       7       8       9      10      11      12      13      14      15      16      17      18      19      20      21      22      23      24      25      26      27      28      29      30      31      32      33      34
  1   27.30   75.88   26.14    5.14   46.08   17.43   60.42   19.33   41.16   39.84   60.91   60.95   75.99   39.49   16.35   34.94   32.11  -27.30  -75.88  -26.14   -5.14  -46.08  -17.43  -60.42  -19.33  -41.16  -39.84  -60.91  -60.95  -75.99  -39.49  -16.35  -34.94  -32.11
  2   14.14   59.59   44.63   39.20   64.25   38.05   10.56   41.47    0.73   19.97    1.44   44.52    8.20   47.80   62.27   73.20   46.79  -14.14  -59.59  -44.63  -39.20  -64.25  -38.05  -10.56  -41.47   -0.73  -19.97   -1.44  -44.52   -8.20  -47.80  -62.27  -73.20  -46.79
  3   69.05   34.98   17.28   20.76    7.91   71.75   30.64   57.95    0.90   16.86   68.25   69.14   54.16    8.42   48.35   13.92   14.91  -69.05  -34.98  -17.28  -20.76   -7.91  -71.75  -30.64  -57.95   -0.90  -16.86  -68.25  -69.14  -54.16   -8.42  -48.35  -13.92  -14.91
  4   25.27   14.19   30.48   64.81   28.13   49.08   15.95   56.62   79.61    0.41   75.75   60.54    7.12   34.83   61.86   33.32   22.54  -25.27  -14.19  -30.48  -64.81  -28.13  -49.08  -15.95  -56.62  -79.61   -0.41  -75.75  -60.54   -7.12  -34.83  -61.86  -33.32  -22.54
  5   21.21   77.97   77.11   26.10   52.63   13.35   18.59    7.98   51.87   27.16   50.83   57.24    0.07   11.34   54.99   22.87   16.18  -21.21  -77.97  -77.11  -26.10  -52.63  -13.35  -18.59   -7.98  -51.87  -27.16  -50.83  -57.24   -0.07  -11.34  -54.99  -22.87  -16.18
  6   27.02    7.88    7.57   51.89   49.24   31.07    2.65   76.75   63.36   52.31   15.60   18.29   50.12   68.99   74.67   30.21   52.20  -27.02   -7.88   -7.57  -51.89  -49.24  -31.07   -2.65  -76.75  -63.36  -52.31  -15.60  -18.29  -50.12  -68.99  -74.67  -30.21  -52.20
  7   63.27   43.69   67.27   52.78   31.02    0.77   77.74   14.97    0.69   76.66   37.35   72.83   18.00   69.82    1.45   31.39   79.65  -63.27  -43.69  -67.27  -52.78  -31.02   -0.77  -77.74  -14.97   -0.69  -76.66  -37.35  -72.83  -18.00  -69.82   -1.45  -31.39  -79.65
  8   28.22   33.70   68.96   10.34   32.84   50.31   45.42   47.13    9.61   19.90   50.75   11.55   17.74   64.48    7.08   60.94   50.86  -28.22  -33.70  -68.96  -10.34  -32.84  -50.31  -45.42  -47.13   -9.61  -19.90  -50.75  -11.55  -17.74  -64.48   -7.08  -60.94  -50.86
  9   49.15   73.18   36.83   27.87   24.80   23.46   68.93    3.06   22.80   74.48   43.90   57.81   24.87    4.39   37.95   70.86   20.96  -49.15  -73.18  -36.83  -27.87  -24.80  -23.46  -68.93   -3.06  -22.80  -74.48  -43.90  -57.81  -24.87   -4.39  -37.95  -70.86  -20.96
 10   67.60   70.56   11.90   65.54    3.59   45.24   67.64   38.83   12.13   23.09   45.43   67.63   73.53    1.00   11.25   24.08   12.02  -67.60  -70.56  -11.90  -65.54   -3.59  -45.24  -67.64  -38.83  -12.13  -23.09  -45.43  -67.63  -73.53   -1.00  -11.25  -24.08  -12.02
 11   32.21   65.39    5.96   52.45   19.59    6.89    4.99   26.12   57.63    7.04   48.75    4.49   37.59   53.88   65.27   42.14   39.87  -32.21  -65.39   -5.96  -52.45  -19.59   -6.89   -4.99  -26.12  -57.63   -7.04  -48.75   -4.49  -37.59  -53.88  -65.27  -42.14  -39.87
 12   64.71   78.82   78.87   70.61   66.66    1.15   11.06    7.57   59.38   18.88   21.89   26.68   55.82   47.34    7.89   30.91   52.99  -64.71  -78.82  -78.87  -70.61  -66.66   -1.15  -11.06   -7.57  -59.38  -18.88  -21.89  -26.68  -55.82  -47.34   -7.89  -30.91  -52.99
 13   20.64   25.36   12.63   73.41   43.33   35.82   46.37    8.32    8.24   27.66   20.92   67.16   27.42   24.87    5.52   25.79    9.26  -20.64  -25.36  -12.63  -73.41  -43.33  -35.82  -46.37   -8.32   -8.24  -27.66  -20.92  -67.16  -27.42  -24.87   -5.52  -25.79   -9.26
 14   78.97    7.62   11.73   15.58   52.40    0.14   62.61    1.72   19.42   68.74   30.71    3.49   71.44   68.34   16.76   13.85   19.22  -78.97   -7.62  -11.73  -15.58  -52.40   -0.14  -62.61   -1.72  -19.42  -68.74  -30.71   -3.49  -71.44  -68.34  -16.76  -13.85  -19.22
 15   10.12   51.24   64.55   34.57   50.94   37.83   13.36   12.45    7.51   43.87    3.00   44.48   24.96   28.62   76.09   40.98   66.69  -10.12  -51.24  -64.55  -34.57  -50.94  -37.83  -13.36  -12.45   -7.51  -43.87   -3.00  -44.48  -24.96  -28.62  -76.09  -40.98  -66.69
 16   53.49   40.76   48.93   50.50   45.79   29.18   52.96   19.64   22.90   67.84   26.57   69.66   14.92   61.90   50.06   71.39   48.74  -53.49  -40.76  -48.93  -50.50  -45.79  -29.18  -52.96  -19.64  -22.90  -67.84  -26.57  -69.66  -14.92  -61.90  -50.06  -71.39  -48.74
 17   30.75   21.38   71.14    4.84    7.50   50.44   42.89   30.05   69.60   57.38   41.02   57.69    2.59   49.37   79.01   73.42   44.02  -30.75  -21.38  -71.14   -4.84   -7.50  -50.44  -42.89  -30.05  -69.60  -57.38  -41.02  -57.69   -2.59  -49.37  -79.01  -73.42  -44.02
 18   21.62   40.30   46.26   65.67   57.08   66.78   63.71   29.32    2.05   22.01   26.38    4.55   13.48   57.35   18.16   58.97   68.66  -21.62  -40.30  -46.26  -65.67  -57.08  -66.78  -63.71  -29.32   -2.05  -22.01  -26.38   -4.55  -13.48  -57.35  -18.16  -58.97  -68.66
 19    5.26   72.15   42.54   41.90    6.30   51.99   35.55   49.49   41.09   23.49    6.58   69.27   60.40   76.95   51.80    0.09   34.70   -5.26  -72.15  -42.54  -41.90   -6.30  -51.99  -35.55  -49.49  -41.09  -23.49   -6.58  -69.27  -60.40  -76.95  -51.80   -0.09  -34.70
 20   20.00   45.37   67.44   24.84   10.05   75.08   73.30   10.78   62.02    3.84   60.68   63.78    7.69   52.42   47.87   63.58    9.41  -20.00  -45.37  -67.44  -24.84  -10.05  -75.08  -73.30  -10.78  -62.02   -3.84  -60.68  -63.78   -7.69  -52.42  -47.87  -63.58   -9.41
 21   10.57   36.90   37.58   21.40   30.19   28.18   20.49    0.22   17.53   75.13    4.11   74.34   51.58   63.53    7.89   46.20    7.16  -10.57  -36.90  -37.58  -21.40  -30.19  -28.18  -20.49   -0.22  -17.53  -75.13   -4.11  -74.34  -51.58  -63.53   -7.89  -46.20   -7.16
 22   39.46   27.16   43.57   36.54   54.60   79.92   58.85   69.42    9.69   23.77    1.21    3.12   75.57   15.97   19.16   72.05   21.60  -39.46  -27.16  -43.57  -36.54  -54.60  -79.92  -58.85  -69.42   -9.69  -23.77   -1.21   -3.12  -75.57  -15.97  -19.16  -72.05  -21.60
 23   23.04   38.45   55.80   24.63   29.77   26.32   40.13   34.59   62.78   49.40   25.42    1.81   22.72   24.87   66.19   12.34   56.16  -23.04  -38.45  -55.80  -24.63  -29.77  -26.32  -40.13  -34.59  -62.78  -49.40  -25.42   -1.81  -22.72  -24.87  -66.19  -12.34  -56.16
 24   67.56   17.04   41.59   36.30   76.98   30.44   71.98   39.14   25.97   46.26   39.66   33.54   35.80   60.68   69.97   20.46   12.60  -67.56  -17.04  -41.59  -36.30  -76.98  -30.44  -71.98  -39.14  -25.97  -46.26  -39.66  -33.54  -35.80  -60.68  -69.97  -20.46  -12.60
 25   60.97   66.48   26.16   67.88   24.49   27.78   39.43   56.00   74.97   76.92   24.36   27.09   21.89   18.40   32.86   41.65   41.07  -60.97  -66.48  -26.16  -67.88  -24.49  -27.78  -39.43  -56.00  -74.97  -76.92  -24.36  -27.09  -21.89  -18.40  -32.86  -41.65  -41.07
 26   64.00   38.24   39.38   74.06   54.33   40.99    7.94   66.02    6.08   44.38   17.26   64.68   20.69   63.13    1.20   15.65    0.76  -64.00  -38.24  -39.38  -74.06  -54.33  -40.99   -7.94  -66.02   -6.08  -44.38  -17.26  -64.68  -20.69  -63.13   -1.20  -15.65   -0.76
 27   49.01   24.77    2.93   61.82   67.48    2.45   38.16   44.84    8.11   58.16    2.68   17.68   25.44   14.41   45.02    8.84    7.92  -49.01  -24.77   -2.93  -61.82  -67.48   -2.45  -38.16  -44.84   -8.11  -58.16   -2.68  -17.68  -25.44  -14.41  -45.02   -8.84   -7.92
 28   14.44   50.44   36.06   19.23   55.16   13.01   25.71   43.29   69.56   64.81   79.51   22.91   25.96   27.64    7.16   39.38   59.65  -14.44  -50.44  -36.06  -19.23  -55.16  -13.01  -25.71  -43.29  -69.56  -64.81  -79.51  -22.91  -25.96  -27.64   -7.16  -39.38  -59.65
 29   53.23   20.72   39.92   43.61   77.37   77.52   41.15   73.54   27.10   57.89   56.88   53.65    9.53   13.76   68.03   41.41   64.34  -53.23  -20.72  -39.92  -43.61  -77.37  -77.52  -41.15  -73.54  -27.10  -57.89  -56.88  -53.65   -9.53  -13.76  -68.03  -41.41  -64.34
 30    1.54   61.31    8.69   13.19   21.59   35.67   44.15   28.76   66.83   52.43   47.21   60.77    1.60   63.64    9.75   48.56   30.56   -1.54  -61.31   -8.69  -13.19  -21.59  -35.67  -44.15  -28.76  -66.83  -52.43  -47.21  -60.77   -1.60  -63.64   -9.75  -48.56  -30.56
 31   67.42   20.87   39.20   25.38   18.40   47.58   41.65   59.71   31.65   34.60   33.39   10.80   42.40   18.55   73.31   68.04   79.84  -67.42  -20.87  -39.20  -25.38  -18.40  -47.58  -41.65  -59.71  -31.65  -34.60  -33.39  -10.80  -42.40  -18.55  -73.31  -68.04  -79.84
 32   61.57   68.48   36.54   55.36    8.09   22.26   70.57   46.30   55.99   14.53   50.14   21.09    1.50   33.90   79.96    5.62   69.93  -61.57  -68.48  -36.54  -55.36   -8.09  -22.26  -70.57  -46.30  -55.99  -14.53  -50.14  -21.09   -1.50  -33.90  -79.96   -5.62  -69.93
 33   25.78   19.98   72.54   55.14   75.07   67.27   61.44   45.93   69.00   60.47   60.65   14.19   52.38   68.86   69.42    5.43   28.83  -25.78  -19.98  -72.54  -55.14  -75.07  -67.27  -61.44  -45.93  -69.00  -60.47  -60.65  -14.19  -52.38  -68.86  -69.42   -5.43  -28.83
 34    0.99   56.70   26.97   56.66   64.46    1.41    3.88   45.34   73.16   75.76   67.96   69.01   55.89   11.41   36.38   57.64   57.05   -0.99  -56.70  -26.97  -56.66  -64.46   -1.41   -3.88  -45.34  -73.16  -75.76  -67.96  -69.01  -55.89  -11.41  -36.38  -57.64  -57.05
 35   77.92    5.91   69.25   44.12   30.02   13.47   79.38   76.04   67.00    0.54   45.34   51.80   52.45   25.03   35.86   21.19   40.47  -77.92   -5.91  -69.25  -44.12  -30.02  -13.47  -79.38  -76.04  -67.00   -0.54  -45.34  -51.80  -52.45  -25.03  -35.86  -21.19  -40.47
 53   52.14   58.56   64.18   34.39   48.16   61.72   91.11   25.54   42.11   66.42   99.82   73.09   37.90   74.95   81.52   21.32   49.91   -5.19   -8.28  -12.88   -9.06   -2.69  -12.34  -19.97   -3.03   -2.26  -14.51  -18.70   -2.07  -14.78  -17.05   -9.96  -12.16   -7.90
 54   29.53   70.16   79.77   91.08   76.75   53.44   45.06   44.75   30.00   22.75   41.33   53.89   25.53   94.31   32.36   70.58   85.31  -16.67  -13.59   -9.27   -5.47   -4.20   -4.56   -8.27   -2.59  -15.65  -13.23  -18.51  -10.14   -9.54   -6.92  -13.50  -13.08  -15.83
 55   33.75   67.11   97.19   63.12   69.34   62.43   48.48   76.41   83.90   95.56   65.19   71.96   87.63   41.16   97.92   78.49   47.88  -13.24   -7.32   -2.57   -6.72   -3.31   -8.77   -3.63   -1.42   -7.25   -5.20  -10.37   -7.44   -0.69   -7.68  -11.50  -18.60  -17.31
 56   99.75   41.17   42.70   53.11   94.52   86.88   69.17   23.94   81.24   64.58   51.22   54.38   32.52   67.77   93.14   27.90   83.57   -0.30   -3.51  -15.71  -10.08   -8.70   -9.08   -6.40  -16.41  -11.47   -9.43   -4.48   -6.04   -6.34  -12.23   -1.71  -15.58   -9.14
 57   46.69   69.26   80.58   76.94   74.97   88.29   45.60   81.44   37.66   40.39   57.29   81.86   51.64   87.20   99.78   68.23   95.51  -18.30   -2.03  -11.23   -3.43   -2.51   -4.92  -17.12  -14.51  -12.61   -2.75  -18.86   -2.04   -9.44  -11.20  -19.70  -15.46   -7.05
 58   43.12   33.94   74.35   37.45   79.51   62.52   54.18   97.97   55.59   86.11   63.09   65.65   54.08   31.32   79.51   41.09   31.28  -12.55  -15.80  -18.35   -8.36   -9.43   -1.28   -9.86  -16.44   -2.39   -4.13   -7.90   -9.09   -6.20   -1.23   -2.04   -2.14  -15.22
 59   39.16   26.14   86.88   76.53   26.88   60.99   43.81   92.79   75.66   34.72   98.93   96.35   82.80   87.85   25.71   50.90   97.73   -0.21   -2.35   -1.39   -5.10  -14.48  -16.53   -0.82  -11.55  -16.71   -5.86   -4.00   -3.11  -17.31  -15.09  -13.31   -6.49   -5.30
 60   77.91   75.74   79.25   82.19   61.83   85.43   38.45   56.48   44.26   95.43   64.20   73.55   58.58   60.16   54.03   53.99   88.94   -0.05  -16.00  -15.49   -7.01   -6.98   -5.77   -7.34  -15.60   -0.20  -11.51   -7.66  -15.68  -10.92  -10.63   -4.90   -9.27  -11.94
 61   66.54   50.77   27.85   31.86   32.04   37.70   29.48   31.40   43.21   31.64   41.19   48.96   25.18   71.26   99.94   46.11   63.90  -11.76  -19.06  -12.26  -17.50  -10.58   -4.00  -17.49  -17.86  -12.19   -7.01  -16.28  -15.07   -5.32  -19.09   -4.47  -16.52  -16.39
 62   35.91   82.10   55.23   87.38   88.00   56.15   50.18   25.45   23.13   49.85   97.58   93.54   92.19   38.89   94.43   32.82   24.15   -1.20  -11.86  -19.34  -17.72   -9.27   -0.19   -2.21  -13.71  -19.19  -11.07   -6.78  -13.80   -3.95  -11.41  -13.71  -12.66  -11.60
 63   69.82   71.28   23.11   45.85   36.03   90.52   26.96   63.49   84.28   71.21   71.95   80.55   29.54   34.67   47.11   79.76   21.88  -12.06  -15.95   -9.33  -14.86  -11.68  -12.06   -8.56   -2.13   -9.32   -6.60  -14.62   -3.29   -8.08  -13.54   -0.40   -1.77   -0.82
 64   88.42   79.04   54.72   22.85   79.43   30.53   43.93   26.00   54.52   21.86   61.69   32.08   78.14   32.05   81.94   72.42   21.06  -16.73   -8.63  -12.24   -5.53   -2.34  -19.44   -9.55   -0.09  -10.12  -13.82   -2.61  -17.80  -19.31   -9.98   -2.39  -19.95   -2.73
 65   79.16   61.63   31.01   22.11   76.95   36.98   48.42   48.01   58.08   80.33   77.95   29.28   25.39   37.72   40.83   84.81   72.73   -3.98   -9.50   -8.31   -8.30  -11.24   -6.00   -8.98  -15.72  -18.37   -0.45   -3.91  -19.36   -8.74   -5.29  -11.98   -4.56  -18.16
 66   70.52   63.90   23.39   62.91   33.15   27.25   79.42   44.47   86.42   64.62   86.03   60.66   30.56   64.81   65.40   69.27   79.95  -10.60   -9.73  -19.63  -13.34  -18.22  -11.12  -19.13   -3.09  -11.89   -4.36   -6.60   -6.41  -19.87   -5.97  -18.15  -10.36   -2.71
 67   75.61   29.77   30.86   92.15   22.89   93.84   85.61   66.76   37.13   68.53   76.97   87.37   71.15   36.44   56.70   33.21   77.71  -11.29  -16.41   -1.12   -5.27   -7.22  -12.74   -0.93   -2.67   -4.48   -9.93  -11.10  -18.65  -11.81   -8.40   -3.57   -2.99  -14.01
 68   32.31   44.72   81.38   71.28   48.08   93.63   40.36   97.95   66.36   39.28   26.80   50.88   81.55   71.60   48.37   62.50   50.78   -3.33  -10.50  -14.51  -14.78  -12.66  -11.78  -17.42  -11.11   -6.69  -12.13  -11.76  -17.57  -16.47  -14.79   -0.46  -10.96   -3.86
 69   45.66   34.65   99.90   94.29   89.13   35.29   66.57   74.63   73.20   91.51   85.15   35.99   30.60   96.31   74.40   39.32   22.04   -4.30  -15.74  -11.34   -1.23   -9.87  -10.60  -16.32  -10.27  -10.89  -15.14   -9.17  -10.83  -10.88  -14.32  -15.48   -1.11  -14.28
 70   23.91   85.26   38.48   35.38   24.85   70.55   49.31   38.44   67.46   48.61   43.21   92.13   74.49   61.02   33.93   47.36   56.62  -10.90  -11.72  -17.97  -14.83  -13.63   -3.91  -12.06   -6.24   -2.21  -16.88   -7.62  -17.40  -14.51   -0.52  -16.88   -7.72   -1.41
 71   28.72   78.95   24.83   60.74   69.51   71.99   64.98   52.78   56.67   21.61   97.42   44.12   35.45   82.14   80.55   51.89   66.96   -6.23  -16.94  -16.48  -16.61  -16.84   -1.82   -5.71  -13.71  -18.26  -10.60  -13.07  -15.57   -9.98   -5.66  -12.25   -0.50  -11.81
 72   50.14   56.88   61.34   93.60   94.48   75.85   59.22   23.41   76.79   99.89   98.78   61.35   75.16   82.44   47.91   93.79   97.14  -13.18   -8.43   -8.40   -8.93  -15.67  -18.78   -5.61  -11.70   -6.21   -7.60  -19.93   -7.74   -5.14  -17.95   -2.83  -12.98   -6.41
 73   26.19   92.56   38.11   33.57   20.87   48.84   76.44   74.62   92.06   72.14   72.42   22.71   62.67   93.67   49.88   46.19   80.36  -10.65   -3.30   -8.82   -5.79  -13.62  -19.77   -0.32  -13.97   -5.16  -11.48  -14.97   -9.90   -0.35   -8.61  -14.66  -14.57   -5.91 ;

# Node capacity lower bound
parameter bl(i) /  1     0.00
                   2     0.00
                   3     0.00
                   4     0.00
                   5     0.00
                   6     0.00
                   7     0.00
                   8     0.00
                   9     0.00
                  10     0.00
                  11     0.00
                  12     0.00
                  13     0.00
                  14     0.00
                  15     0.00
                  16     0.00
                  17     0.00
                  18     0.00
                  19     0.00
                  20     0.00
                  21     0.00
                  22     0.00
                  23     0.00
                  24     0.00
                  25     0.00
                  26     0.00
                  27     0.00
                  28     0.00
                  29     0.00
                  30     0.00
                  31     0.00
                  32     0.00
                  33     0.00
                  34     0.00
                  35     0.00
                  53     0.00
                  54     0.00
                  55     0.00
                  56     0.00
                  57     0.00
                  58     0.00
                  59     0.00
                  60     0.00
                  61     0.00
                  62     0.00
                  63     0.00
                  64     0.00
                  65     0.00
                  66     0.00
                  67     0.00
                  68     0.00
                  69     0.00
                  70     0.00
                  71     0.00
                  72     0.00
                  73     0.00 / ;

# Node capacity upper bound
parameter bu(i) /  1   105.00
                   2   295.00
                   3   239.00
                   4   202.00
                   5   277.00
                   6    14.00
                   7   273.00
                   8    19.00
                   9   198.00
                  10    24.00
                  11    12.00
                  12   213.00
                  13    31.00
                  14    81.00
                  15   286.00
                  16    72.00
                  17   116.00
                  18    22.00
                  19    82.00
                  20   100.00
                  21   104.00
                  22   128.00
                  23    48.00
                  24    40.00
                  25   282.00
                  26    77.00
                  27   201.00
                  28   143.00
                  29   170.00
                  30    97.00
                  31   245.00
                  32   285.00
                  33    25.00
                  34   154.00
                  35    22.00
                  36    62.00
                  37   145.00
                  38   172.00
                  39   125.00
                  40    84.00
                  41   135.00
                  42   116.00
                  43   115.00
                  44    62.00
                  45    67.00
                  46   177.00
                  47   101.00
                  48   103.00
                  49   102.00
                  50   175.00
                  51   186.00
                  52   115.00
                  53   155.00
                  54   195.00
                  55    72.00
                  56    86.00
                  57   230.00
                  58    76.00
                  59   205.00
                  60    81.00
                  61   226.00
                  62   164.00
                  63   220.00
                  64   111.00
                  65   119.00
                  66   239.00
                  67   111.00
                  68    50.00
                  69   236.00
                  70    73.00
                  71   155.00
                  72   288.00
                  73   100.00 / ;

$include xmodel.gms